0	10	11.189	12.52	14.008	15.674	17.538	19.624	21.957	24.568	27.49	30.759	34.417	38.509	43.089	48.213	53.946	60.361	67.539	75.57	84.556	94.611	105.862	118.451	132.536	148.297	165.932	185.664	207.742	232.445	260.087	291.015	325.621	364.342	407.668	456.146	510.389	571.082	638.992	714.978	800	819.679778644733	880.917448391193	946.491860977391	1017.19407043742	1093.05244872645	1174.42010683599	1262.11627785635	1356.14115310534	1457.25731663128	1566.28419284228	1683.22207108676	1808.45185640514	1943.14627867713	2088.12466507081	2244.14998543238	2411.6599867432	2591.38907241424	2784.94791141492	2992.74626377877	3215.92790873351	3456.10351445801	3714.06461644315	3990.98278480328	4288.44070393171	4608.40205733991	4952.47693609109	5321.83768347651	5718.829758465	6145.47320505222	6604.08414417601	7097.09295856234	7626.43399685399	8195.27339627099	8806.77343447353	9463.71808979813	10169.6240055301	10928.4764547399	11743.8191039564	12619.9900471026	13561.7350178278	14573.8012921819	15660.9361470058
0	20.3	83.55	102.95	251	322.5	563.5	609	804.5	1240	1370	1830	2370	3325	4820	5815	5320	4035	3225	2815	2420	1895	1720	1765	1925	2005	1645	1250	968	774.5	624	406.5	222.5	108.5	43.05	23.25	13.7	9.98	8.705	7.06	3.525	3.754387	3.324498	2.72282	2.31436	2.051317	1.610856	1.462033	1.226941	1.138011	0.756057	0.613905	0.501519	0.513459	0.336769	0.194208	0.088801	0.07792	0.024756	0.007098	0	0	0.007089	0	0	0	0	0	0	0	0	0	0	0	0	0	0	0	0	0	0	0	0
600	22.5	25.53	107	197	345	531.5	683	886	1245	1505	1850	2290	3265	4880	5905	5585	4220	3050	2710	2270	1805	1630	1780	1895	1945	1685	1260	1030	820	628.5	440	262.5	101.2	40.45	25.25	17.5	11.335	7.52	6.085	6.295	3.602027	3.055961	2.913774	2.022477	2.136785	1.54583	1.356426	1.176058	1.074253	0.762561	0.604312	0.496552	0.329567	0.298336	0.171308	0.105506	0.028054	0.038518	0.017569	0.010516	0.007008	0	0.003511	0.003512	0	0	0	0	0	0	0	0	0	0	0	0	0	0	0	0	0	0
1200	10.15	15.69	125.7	184	299	566	728.5	903	1315	1620	1920	2360	3160	4650	6080	5880	4560	3160	2585	2255	1785	1615	1700	1870	2000	1790	1430	1040	844	664	439	233	113.5	60.35	26.35	17.8	10.885	8.72	8.455	1.4444	3.81149	3.150946	2.762669	2.130786	1.978135	1.742146	1.500147	1.193677	1.172244	0.769566	0.611346	0.471906	0.319052	0.235161	0.192287	0.091439	0.045588	0.024512	0.010542	0	0.007008	0.003509	0	0	0	0	0	0	0	0	0	0	0	0	0	0	0	0	0	0	0	0
1800	11.255	55.15	134.5	351.5	529	779.5	953	1115	1270	1645	1945	2350	3280	4595	6015	5955	4825	3800	3475	3030	2385	1985	1890	1965	2010	1805	1380	1070	824.5	629	451	252	117.5	55.85	32.9	20.05	8.485	9.495	7.065	2.105	3.486878	3.10874	2.685337	2.078385	1.875875	1.605435	1.338913	1.23945	1.161744	0.780059	0.628912	0.535295	0.343594	0.287809	0.129356	0.098473	0.031561	0.024511	0.014056	0.003505	0.003504	0	0	0	0	0	0	0	0	0.003504	0	0	0	0	0	0	0	0	0	0	0	0
2400	53.6	66.35	181.7	407	658	986	1305	1450	1570	1735	2000	2520	3290	4725	5945	5685	4400	3395	2800	2315	1905	1655	1680	1880	1930	1730	1410	1095	850.5	674.5	449	255.5	128.5	59.4	27.2	21.2	13.3	6.995	7.25	7.02	3.722742	3.274845	2.914582	2.402613	2.06917	1.671079	1.543488	1.315879	1.130967	0.851466	0.617467	0.5122	0.396612	0.280056	0.183619	0.088803	0.05667	0.028294	0.017745	0.00354	0	0	0	0.003547	0	0.007084	0	0	0	0	0	0	0	0	0	0	0	0	0	0	0	0
3000	66.7	231	231	397	600.5	742.5	1012.5	1195	1415	1690	1940	2335	3070	4275	5470	5620	4550	3435	2715	2285	1840	1570	1655	1820	1930	1845	1415	1105	843.5	699	492.5	255.5	133	60.3	17.35	16.4	12.085	6.33	5.455	7.665	3.473443	2.970325	2.787795	2.237877	1.979694	1.464747	1.350086	1.14711	1.070665	0.727385	0.695809	0.564921	0.374944	0.246758	0.152322	0.118402	0.055559	0.020804	0.006959	0.013884	0	0	0	0	0	0	0	0	0	0	0	0	0	0	0	0	0	0	0	0	0	0
3600	73.4	86.6	227.5	280	392	610	757	948	1145	1450	1835	2280	2950	4045	5100	5480	4440	3460	2695	2295	1830	1570	1635	1825	1910	1745	1355	1030	823.5	645.5	457	258	124.5	54.45	30.9	15.8	13.1	7.125	6.84	2.125	3.582247	3.056736	2.7109	2.262919	2.003704	1.648596	1.24796	1.084875	1.092396	0.724444	0.602189	0.528145	0.379151	0.343754	0.178337	0.129166	0.071552	0.01429	0.010755	0.007152	0.00715	0	0	0	0	0	0	0	0	0	0	0	0	0	0	0	0	0	0	0	0	0
4200	54.75	135	204.5	307	501	712	856	1035	1215	1460	1760	2295	3100	4160	5165	5435	4475	3400	2725	2335	1855	1595	1565	1820	1975	1695	1390	1055	815.5	627.5	463	253.5	127	67.8	25.3	17.4	13.7	5.4	4.505	9.05	3.542918	3.015529	2.843555	2.339087	2.029976	1.518827	1.479752	1.120265	1.085012	0.752533	0.660045	0.52998	0.400149	0.283598	0.236584	0.134979	0.03896	0.04244	0.024843	0.007081	0	0	0	0	0	0	0	0	0	0	0	0	0	0	0	0	0	0	0	0	0	0
4800	87.5	166	229	354.5	576.5	589.5	846.5	905	1185	1425	1865	2300	3145	4170	5250	5670	4825	3840	3050	2540	1995	1760	1770	1860	1945	1785	1455	1115	860.5	702	480.5	286	140.5	64.9	23.9	15.9	9.73	8.475	4.875	7.65	3.584655	3.073613	2.818937	2.207657	1.939369	1.658036	1.465112	1.299327	1.102271	0.905999	0.646488	0.59165	0.511892	0.358011	0.244731	0.12661	0.063123	0.045522	0.01757	0.003505	0.010512	0.007019	0	0.003512	0	0	0	0	0	0	0	0	0	0	0	0	0	0	0	0	0	0
5400	170.5	186	184.5	319.5	481.5	537	674	853	1045	1395	1790	2205	2955	4030	5100	5455	4810	3825	2965	2525	2050	1740	1755	1855	1965	1805	1455	1125	897.5	737	485	287.5	141.5	57.85	29.95	20.05	14.95	7.675	7.885	3.53775	3.525317	2.930306	2.713726	2.06595	1.804664	1.467229	1.521564	1.213971	1.148637	0.808524	0.638076	0.629305	0.459671	0.337457	0.183347	0.140035	0.074925	0.023805	0.010238	0.010213	0.006806	0.003408	0.00341	0	0	0	0	0	0	0	0	0	0	0	0	0	0	0	0	0	0	0
6600	161.5	245.5	295.5	373	470	536.5	712	953	1125	1535	1835	2420	3205	4345	5105	5255	4350	3415	2845	2430	1915	1655	1640	1835	1940	1775	1470	1145	925	725.5	474.5	300	134.5	66.3	29.7	16.45	12.9	8.035	5.31	7.705	3.521805	3.008459	2.999789	2.332056	2.190261	1.830401	1.539951	1.376341	1.113298	0.883265	0.645858	0.586897	0.453271	0.308417	0.236586	0.127876	0.063754	0.02122	0.017745	0	0	0	0.003546	0	0	0	0	0	0	0	0	0	0	0	0	0	0	0	0	0	0	0
7200	148.5	188.5	246.5	321	445	592	712.5	941.5	1220	1500	1745	2320	3050	4130	5090	5300	4685	3565	2920	2455	1990	1695	1640	1830	2010	1820	1515	1130	912.5	698.5	488.5	277	123	57.4	24.9	13.05	12.1	8.845	4.465	4.905	3.169384	2.896143	2.515735	2.03202	1.818355	1.43999	1.34115	1.152414	1.039886	0.784741	0.549357	0.485657	0.347306	0.279509	0.234276	0.099049	0.057896	0.040808	0.006825	0.010213	0.003403	0.010224	0.00341	0	0	0	0	0	0	0	0	0	0	0	0	0	0	0	0	0	0	0
7800	393	524.5	500.5	705	585.5	715.5	825.5	1000.5	1405	1555	2015	2490	3205	4145	4685	5010	4860	4040	3175	2500	2075	1785	1720	1840	1940	1875	1535	1170	953.5	731	509.5	295	135.5	64.25	37.75	16	12.2	7.535	3.395	2.815	3.575666	2.913986	2.590065	2.149229	1.88244	1.68711	1.325728	1.172164	1.024212	0.731843	0.68076	0.479096	0.354116	0.28577	0.212587	0.108738	0.08674	0.046915	0.021729	0.010838	0.014445	0.003617	0.003619	0.003619	0	0	0	0	0	0	0	0	0	0	0	0	0	0	0	0	0	0
8400	162	259.5	335	351	479.5	497	587.5	911.5	1060	1350	1700	2145	2780	3730	4710	5235	4825	4065	3325	2765	2320	1910	1745	1880	1960	1885	1560	1240	957	730.5	532	296	148	71.5	25	15.1	7.61	5.81	4.375	4.19	3.325906	2.798457	2.517297	2.088327	1.834654	1.537756	1.323069	1.124405	1.09955	0.638803	0.544844	0.520966	0.246809	0.21843	0.146238	0.064584	0.050087	0.025007	0.017925	0.007152	0.003575	0	0.003582	0	0	0	0	0	0	0	0	0	0	0	0	0	0	0	0	0	0	0
9600	63.75	142	256.5	421.5	510.5	664	847.5	1125	1440	1650	1865	2305	2810	3745	4645	5310	5510	5005	4400	3730	3050	2355	1990	2050	2120	2070	1755	1315	1030	779	556	314	168.5	74.7	29.4	15.1	15.5	8.32	5.585	8.39	3.340175	2.805653	2.782673	2.362749	1.953382	1.494853	1.391021	1.19626	1.031728	0.795834	0.537679	0.438333	0.343389	0.204108	0.121272	0.068172	0.021466	0.017862	0.010755	0.003576	0	0.007161	0	0	0	0	0	0	0	0	0	0	0	0	0	0	0	0	0	0	0	0
10200	105	145.5	284.5	482.5	668	775.5	938	1215	1400	1645	1905	2185	2805	3690	4535	5250	5130	4555	3870	3270	2605	2095	1820	1940	1925	1930	1645	1290	1025	756.5	538	326	159.5	71.65	29.2	20.95	10.965	8.465	11.47	3.58	3.437216	2.930333	2.414045	2.205058	2.072746	1.402017	1.408974	1.212751	0.876506	0.681884	0.496817	0.419723	0.304543	0.198522	0.134184	0.081699	0.053129	0.014147	0.007098	0.00354	0.003539	0	0	0	0	0	0	0	0	0	0	0	0	0	0	0	0	0	0	0	0	0
10800	133	286	491.5	811.5	935.5	1080	1140	1205	1440	1755	2005	2670	3365	4145	4775	4890	4400	3775	3180	2720	2100	1720	1595	1845	2000	1925	1665	1315	985.5	753.5	539.5	317	153	68	41.6	19.4	10.95	8.41	8.195	5.635	3.357646	2.869129	2.426457	1.883937	1.811833	1.433368	1.295761	1.084203	0.864704	0.600282	0.503019	0.424766	0.275045	0.17209	0.109706	0.120704	0.024071	0.030904	0.017229	0.003437	0.003436	0	0	0	0	0	0	0	0	0	0	0	0	0	0	0	0	0.00344	0	0	0	0
11400	114.8	192	420	611.5	771	804	884	929	1200	1345	1685	2115	2770	3510	4290	4800	4745	4140	3490	2890	2335	1895	1745	1815	1940	1900	1640	1280	986.5	746.5	532.5	338	165.5	72.25	29.45	25.4	11.835	6.6	5.185	6.295	3.219073	2.676468	2.456332	1.813919	1.74112	1.46623	1.14785	1.077702	0.87464	0.735158	0.465984	0.452701	0.261116	0.22201	0.181906	0.089699	0.057243	0.007145	0.00717	0	0.00715	0	0	0	0	0	0	0	0	0	0	0	0	0	0	0	0	0	0	0	0	0
12600	1470	2210	2520	2685	2495	2260	1990	1720	1510	1605	1670	1860	2350	3030	4010	5140	6245	6545	5650	4705	3935	3060	2470	2160	2245	2140	1915	1575	1155	869.5	615.5	348	196	84.9	38.95	21.25	10.92	10.935	9.68	2.825	3.427656	2.933003	2.671366	2.169277	1.978197	1.49682	1.40906	1.137374	1.112792	0.818564	0.62542	0.48953	0.382173	0.277288	0.216766	0.144197	0.042083	0.042021	0.01757	0.003505	0.003504	0.007019	0	0.003512	0.003504	0	0	0	0	0	0	0	0	0	0	0	0	0	0	0	0	0
13200	761.5	1190	1500	1520	1590	1410	1310	1185	1185	1385	1540	1850	2325	3025	3740	4645	5385	5580	4675	3905	3145	2495	2065	1915	1970	2065	1815	1565	1115	866.5	606	381.5	192.5	80.1	36.45	16.7	7.835	4.895	5.05	7.69	3.359551	2.709289	2.530367	2.026984	1.885513	1.502999	1.325855	1.105323	0.966763	0.748204	0.591466	0.519613	0.392321	0.316282	0.180025	0.121891	0.083342	0.04161	0.017398	0.024298	0.017349	0	0	0	0	0	0	0	0	0	0	0	0	0	0	0	0	0	0	0	0	0
13800	576	691.5	858	1138.5	1215	1440	1215	1365	1580	1660	1790	2135	2665	3320	4040	4580	4820	4440	3785	3105	2485	2010	1750	1720	1890	1955	1760	1420	1120	853.5	577	377	190.5	92.65	33.7	23.6	15.05	9.555	6.265	4.89	3.21918	2.909769	2.732536	2.081265	1.885077	1.419787	1.462574	1.192697	0.996052	0.831541	0.580708	0.553319	0.482902	0.354512	0.242549	0.165053	0.089444	0.057161	0.02151	0.021458	0.0143	0.010741	0	0	0	0	0	0	0	0	0	0	0	0	0	0	0	0	0	0	0	0
14400	546.5	652.5	974.5	1175	1400	1585	1495	1445	1490	1630	1745	2035	2515	3230	4040	4690	4615	4180	3600	2975	2420	1925	1765	1765	1935	2015	1685	1360	1070	768.5	595.5	369	182.5	82.75	37.25	15.95	14.8	7.665	4.07	7.7	3.345601	2.859333	2.417626	2.049849	1.933876	1.409117	1.313408	1.266115	1.077976	0.812619	0.652967	0.512211	0.435574	0.329693	0.247184	0.184714	0.085007	0.060125	0.039041	0.028324	0.014157	0	0	0	0	0	0	0	0	0	0	0	0	0	0	0	0	0	0	0	0	0
15600	425	515	763.5	1160	1370	1835	2125	2630	3460	3915	4650	5210	5805	6175	6175	6055	5360	4620	3800	3115	2590	2035	1760	1855	2020	2075	1850	1385	1050	812.5	597	356.5	183.5	81.85	31	27.2	11.95	9.76	10.87	4.98	3.398254	2.929511	2.664463	2.251503	1.993724	1.434474	1.441647	1.176967	1.217003	0.932471	0.753663	0.70775	0.43445	0.456849	0.269396	0.19043	0.131457	0.076571	0.025613	0.0146	0.010946	0.014617	0	0.003657	0	0	0	0	0	0	0	0	0	0	0	0	0	0	0	0	0	0
16200	734	937	1060.5	1330	1560	1760	1920	2375	2980	3475	3995	4530	5000	5500	5765	5550	5050	4525	3895	3475	2955	2350	2060	1955	2070	2070	1985	1660	1295	931	700	482.5	255.5	122.5	60.75	22.5	21.75	14.64	8.8	6.315	3.73401	3.203919	3.25635	2.624578	2.215158	1.969425	1.605075	1.504073	1.427374	1.174484	1.068128	0.816519	0.640874	0.594295	0.383434	0.267292	0.188928	0.077482	0.06085	0.026978	0.006742	0.010128	0.003378	0	0	0	0	0.003373	0	0	0	0	0	0	0	0	0	0	0	0	0	0
16800	1365	1600	1880	1905	2000	2215	2550	2810	3435	3955	4530	4925	5310	5460	5690	5735	5500	5075	4530	3965	3400	2810	2370	2250	2135	2195	2100	1745	1380	1035	779.5	519.5	306	147.5	72.9	38	19.65	11.73	8.575	7	4.088029	3.798758	3.620999	2.920795	2.645082	1.959858	1.963192	1.771496	1.651962	1.291025	1.110478	0.852414	0.753952	0.607326	0.465075	0.327135	0.147314	0.112074	0.080835	0.056096	0.017523	0.01053	0	0.003512	0	0	0	0	0	0	0	0	0	0	0	0	0	0	0	0	0	0
18000	1630	2345	2520	2805	2600	2515	2660	2705	3330	3780	4235	4905	5195	5600	5900	6165	6300	5905	5340	4655	3890	3175	2675	2285	2260	2280	2230	1885	1470	1075	796	543	298	140.5	69.55	33.15	22.65	12.3	6.67	9.095	4.203187	3.9781	3.315111	2.707645	2.655633	2.124617	1.959665	1.757389	1.557447	1.280514	0.959358	0.891151	0.774984	0.624872	0.451083	0.323614	0.178879	0.12258	0.052718	0.028048	0.003505	0.02106	0.007024	0.003512	0.003505	0	0	0	0	0	0	0	0	0	0	0	0	0	0	0	0	0
18600	1820	2330	2435	2430	2135	1810	1910	1995	2740	3250	3965	4550	5115	5400	5855	6075	6105	5895	5190	4425	3705	3165	2520	2230	2170	2160	2035	1800	1405	1018	777.5	537.5	282	136	58.95	34.75	18	13.05	7.465	4.94	4.528409	3.789344	3.728189	3.085865	2.811196	2.430123	2.186919	1.931965	1.663476	1.413467	1.200492	0.945196	0.763916	0.583986	0.515912	0.35179	0.191018	0.100571	0.083522	0.038188	0.024292	0	0.003477	0	0	0.003473	0.003478	0	0	0	0	0	0	0	0	0	0	0	0	0	0	0
19200	561.5	716.5	670.5	690	789	953	1100	1585	2320	3065	3825	4640	5190	5720	5915	6295	6280	5905	5210	4500	3800	3100	2630	2305	2255	2140	2020	1750	1365	1035	771	503.5	266.5	152	67.5	28.45	17.8	11.9	9.79	7.7	4.50077	4.071469	3.717759	3.12393	2.996291	2.322511	2.343135	1.872687	1.840227	1.472366	1.026511	1.049834	0.89934	0.663939	0.567851	0.386622	0.197965	0.135251	0.069602	0.034716	0.024292	0.010427	0	0.006956	0	0	0.003478	0	0	0	0	0	0	0	0	0	0	0	0	0	0	0
19800	649.5	812.5	660.5	988	912	975	1230	1580	2360	3050	3765	4500	5145	5575	5790	6225	6310	6190	5600	4770	3970	3250	2660	2425	2270	2195	2050	1730	1395	1040	781	501.5	291	132.5	63.65	38.85	22.2	15.55	10.65	6.33	4.751137	4.223563	4.131695	3.532263	3.216623	2.671888	2.42845	2.209693	1.721036	1.502709	1.344432	1.128365	0.944483	0.791503	0.613599	0.505997	0.25406	0.178653	0.078883	0.053652	0.035755	0.014324	0.010749	0.003583	0	0	0	0	0	0	0	0	0	0	0	0	0	0	0	0	0	0
20400	505.5	974	901	908.5	992	1043	1170	1585	2340	3105	3850	4615	5100	5650	5955	6175	6370	6085	5570	4655	3885	3070	2620	2385	2250	2215	2025	1745	1355	998	756	529.5	270.5	133.5	56.8	32.55	16.5	13.7	5.93	9.065	5.278482	4.657477	4.29642	3.380574	3.148911	2.854159	2.351111	2.134291	1.96192	1.611399	1.49784	1.230954	1.00944	0.79779	0.794666	0.440551	0.333006	0.191021	0.110044	0.049576	0.028318	0.021271	0.014188	0.017738	0	0.003543	0	0	0	0	0	0	0	0	0	0	0	0	0	0	0	0
21000	582.5	918.5	1102.5	1185	1218.5	1175	1265	1715	2270	2955	3810	4500	5225	5570	6030	6295	6560	6235	5630	4735	3905	3200	2700	2410	2255	2240	2095	1695	1445	1060	772	509.5	296	132	65.9	37.55	24.2	12.8	12.45	4.31	5.505498	4.688738	4.158951	3.738406	3.198845	2.692663	2.59076	2.264598	2.05799	1.616434	1.32838	1.236376	0.911773	0.891697	0.720355	0.471365	0.319185	0.182124	0.087866	0.052591	0.038552	0.01404	0.014048	0.003512	0	0	0.003512	0	0	0	0	0	0	0	0	0	0	0	0	0	0	0
21600	587	787.5	1081.5	1225	1185	1195	1345	1625	2325	3005	4025	4965	5865	6540	7115	7715	7985	7995	7760	6795	5570	4410	3520	3100	2825	2640	2375	2010	1575	1200	862	533.5	316	150	72.2	38.85	17.35	19.7	13.15	7.765	5.469041	4.907683	4.400336	3.778027	3.513368	3.166324	2.756404	2.245979	2.09682	1.579867	1.308453	1.287092	1.045249	0.924709	0.786041	0.428447	0.291757	0.156069	0.10093	0.027775	0.034705	0.017379	0.003478	0.003478	0	0	0	0	0	0	0	0	0	0	0	0	0	0	0	0	0	0
22200	320	397.5	572	761.5	852	970.5	1115	1390	2145	2990	4005	4935	5810	6735	7295	7945	8230	8200	7760	6980	5905	4620	3745	3055	2860	2675	2445	2110	1645	1220	881.5	537	305.5	153.5	63	37.5	18.185	16.4	10.3	5.645	5.579657	4.768352	4.323741	3.625793	3.611149	2.954537	2.593238	2.350602	2.141872	1.694197	1.430249	1.332434	1.038302	0.942089	0.685621	0.505079	0.357749	0.152601	0.125292	0.065965	0.031235	0.010427	0.013911	0	0.003471	0	0.003478	0	0	0	0	0	0	0	0	0	0	0	0	0	0	0
22800	604	706.5	980.5	941	1235	1325	1545	1910	2640	3440	4490	5470	6275	6895	7565	7930	8035	7900	7145	6175	4990	3940	3245	2820	2645	2445	2175	1840	1440	1110	823	556	326.5	160.5	71.8	33.65	17.8	12.005	12.65	4.99	5.749848	4.999248	4.800976	4.029465	3.653142	2.992029	2.785811	2.515521	2.139121	1.792202	1.666108	1.419498	1.120443	0.951599	0.710003	0.590955	0.404887	0.241854	0.086938	0.057817	0.021673	0.018088	0.00362	0	0	0.003615	0	0	0	0	0	0	0	0	0	0	0	0	0	0	0	0
23400	369.5	581	746.5	1105	1165	1315	1610	1895	2810	3870	5235	6645	8015	8925	9495	9520	9205	9085	8195	7000	5770	4510	3520	3090	2700	2475	2230	1885	1505	1145	834	544.5	328.5	169.5	73	34.75	28.3	17.05	7.725	10.505	6.019272	5.041429	5.053002	4.1536	3.861541	3.226151	2.822192	2.525713	2.25898	1.59735	1.576011	1.384008	1.112214	0.975129	0.812368	0.532953	0.340109	0.169805	0.14555	0.060202	0.02478	0.021272	0.007095	0.010643	0.010621	0	0.003548	0	0.003547	0	0	0	0	0	0	0	0	0	0.003544	0	0	0
24000	440	538	708	881	1000	1235	1495	2045	3085	4220	5825	6970	7945	9150	10500	11900	12700	12850	12350	10880	9170	7180	5585	4560	3575	2835	2335	1945	1495	1110	815	510	307	149.5	60.45	37.3	16.6	16	15.1	14.05	6.226122	5.318452	4.906778	4.277551	3.940136	3.315979	3.1905	2.651842	2.413926	1.824098	1.631373	1.498617	1.298767	1.074524	0.884795	0.567049	0.404382	0.196534	0.121919	0.089427	0.032182	0.007162	0.010749	0	0	0	0	0	0	0.003575	0	0	0	0	0	0	0.00358	0	0	0	0	0
24600	488	564.5	666.5	825.5	926.5	1205	1435	1950	2855	3955	5310	6765	7675	8310	9170	9895	10630	11000	10360	9065	7660	6180	5115	4105	3255	2640	2145	1655	1320	1045	756	513.5	285.5	138.5	62.35	31.4	24.95	17.3	11	6.335	5.944559	5.361358	5.042928	4.277424	4.152313	3.287265	3.351357	2.651764	2.503125	1.902574	1.649252	1.592009	1.338084	1.045839	0.902607	0.678286	0.361428	0.175089	0.114744	0.064386	0.021454	0.014324	0.010749	0.003584	0	0	0	0	0	0	0	0	0	0	0	0	0	0	0	0	0	0
25200	2330	1392	810	423.5	610.5	761	1335	2250	4300	6640	9165	11450	12950	13950	14050	13250	12000	10195	8425	6995	5850	4925	3975	3245	2760	2145	1720	1360	1165	1020	769.5	526.5	325.5	166	73.6	41.15	27.25	19.9	12.07	9.125	6.4921	5.379205	5.461625	4.630234	4.1966	3.573374	3.417248	2.757073	2.693937	2.025056	1.778422	1.526396	1.381479	1.099289	0.92897	0.611149	0.410985	0.219343	0.134906	0.07083	0.049562	0.017728	0	0.007096	0.00354	0	0.003548	0	0	0	0	0	0	0	0	0	0	0	0	0	0	0
25800	6860	6155	5135	4000	3880	4065	4895	5765	7730	9815	11775	12850	13250	12750	12650	12500	11595	10195	8405	6640	5405	4390	3675	3090	2530	2035	1575	1270	1060	873	675.5	468	274	146	67.15	49.05	19	13.6	12.085	10.495	6.243816	5.472665	5.502089	4.295294	4.45461	3.577042	3.523077	3.000335	2.785248	2.109632	1.867977	1.642339	1.381032	1.224935	0.92759	0.545506	0.454474	0.28229	0.125503	0.032193	0.057211	0.021487	0.010749	0.014334	0.003576	0	0	0	0.003583	0	0	0	0	0	0	0	0	0	0	0	0	0
26400	4815	4530	3785	3245	2190	1445	1270	1665	2495	3920	5380	6340	7310	7590	7845	7960	7565	6780	5685	4570	3700	3105	2600	2260	1935	1575	1310	1085	920.5	761.5	613.5	385.5	236	128.5	45.75	32	18.95	11.35	10.35	8.39	6.256864	5.4485	5.083337	4.389333	4.190901	3.450773	3.056647	3.02718	2.607934	2.177936	1.868842	1.65539	1.286635	1.103509	0.886558	0.623553	0.46632	0.274328	0.119533	0.079494	0.057792	0.01447	0.014478	0.00724	0.003612	0.003615	0.00362	0.007227	0	0	0	0	0	0	0	0	0	0	0	0	0	0
27000	6855	5925	4960	3930	2820	1540	1053	1185	1770	2880	4495	6015	6855	7345	7380	7255	6780	6110	4890	3830	3175	2695	2405	2120	1830	1570	1240	1013.5	895.5	755.5	605.5	390	216	121	60.95	36.15	15.5	11.2	8.855	4.23	6.074397	5.304154	4.963897	4.475492	3.949962	3.372756	3.19367	2.849165	2.743918	2.07822	1.778157	1.630847	1.304503	1.197091	0.968609	0.612055	0.347237	0.203134	0.193301	0.056096	0.024533	0.01755	0.007024	0.010537	0	0.007015	0.003512	0	0	0	0	0	0	0	0	0	0	0	0	0	0	0
27600	4210	4080	3425	3315	2515	1455	902.5	816	1400	2460	3780	4940	5320	5105	4640	4265	3980	3420	2815	2375	2165	2125	1985	1865	1565	1325	1090	966.5	788	686.5	481	283	151.5	87.65	31.05	25.45	15.05	9.37	11.645	10.51	6.108874	5.527823	5.256843	4.136959	4.056099	3.443279	3.334594	2.968875	2.719543	2.329202	1.908534	1.673412	1.261239	1.132365	1.02703	0.69963	0.466283	0.267088	0.115902	0.079488	0.050564	0.021703	0.010858	0.00362	0	0.003615	0	0.007227	0	0	0	0	0	0	0	0	0	0	0	0	0	0
28200	2300	2615	2530	2315	1890	1210	881	883	1505	2685	4200	5720	6165	5845	5030	4220	3680	3235	2535	2145	1950	1905	1795	1715	1465	1220	965	852.5	718	634.5	468.5	288.5	173.5	72.8	39.6	20.5	10.87	7.13	9.03	7.02	6.164912	5.571244	5.20977	4.622041	4.524637	3.768778	3.628226	3.151914	2.754305	2.141109	1.911617	1.732925	1.46926	1.369051	0.989549	0.710518	0.385803	0.266164	0.15112	0.073622	0.056072	0.017549	0.017559	0.007025	0.003505	0	0	0.003506	0	0	0	0	0	0	0	0	0	0	0	0	0	0
28800	2095	2500	2670	2650	1920	1495	1100	1068	1575	2500	3780	5135	5980	5920	5135	4555	4100	3695	2995	2495	2095	1990	1910	1815	1650	1445	1200	999.5	858.5	719	560.5	365	212.5	100.8	51.9	38.7	18.1	12.7	6.485	10.485	6.120773	5.835794	5.29153	4.929891	4.378178	3.984539	3.733244	3.201354	2.924014	2.452991	1.99863	1.916947	1.636794	1.376948	1.090387	0.724345	0.495265	0.326259	0.158531	0.106575	0.092789	0.03786	0.02755	0.010333	0.01031	0.00344	0	0	0.003443	0	0	0	0	0	0	0	0	0	0	0	0	0
29400	2070	2500	2395	2395	1825	1330	1160	1145	1600	2535	3995	5585	6615	6385	5430	4520	3935	3440	2745	2300	2010	1915	1865	1800	1590	1310	1080	935	815	696	512.5	308.5	159.5	88.85	39.3	24.35	15.95	12.415	13.9	11.25	5.993982	5.605348	5.332714	4.756844	4.284611	3.697591	3.506615	3.358612	2.834656	2.245876	1.771194	1.693233	1.590371	1.31254	0.961024	0.700285	0.4394	0.312911	0.150177	0.07831	0.057859	0.030678	0.020463	0.003411	0.006807	0.003406	0	0	0	0	0	0	0	0	0	0	0	0	0	0	0	0
30000	2075	2660	3080	3120	2620	2165	1480	1140	1520	2450	3990	5715	6925	6735	5535	4520	3895	3415	2705	2115	1940	1940	1930	1895	1625	1345	1085	859.5	796.5	686.5	491.5	326.5	168.5	82.05	41.85	31.9	15.6	12.4	8.435	7.73	5.967336	5.603445	5.215318	4.437373	4.170141	3.707976	3.493876	3.117374	2.77782	2.126815	1.764552	1.63107	1.430047	1.230905	0.879583	0.640146	0.401029	0.260287	0.123901	0.056789	0.036732	0.033443	0.013385	0.003347	0.010018	0	0	0	0.003346	0	0	0	0	0	0	0	0	0	0	0	0	0
30600	3165	3640	3500	3445	3045	2305	1540	1140	1455	2265	3660	5465	6810	6960	5940	4865	4195	3610	2820	2245	1965	1915	1950	1930	1685	1405	1130	893	805	708	512.5	305.5	155.5	81.4	41.75	31.35	16.6	11.1	9.78	12.55	6.158202	5.421708	5.112084	4.504911	4.322686	3.977516	3.313733	3.101089	2.844974	2.274508	1.884846	1.720008	1.399476	1.063653	1.014914	0.658785	0.43678	0.23009	0.14474	0.06188	0.048111	0.030975	0.010331	0	0	0	0	0	0	0	0.003441	0	0	0	0	0	0	0	0	0	0	0
31200	3660	2945	2760	3035	2750	2415	1815	1360	1355	1965	2965	4515	6085	6430	5935	4780	3790	3435	2750	2400	2335	2475	2370	2140	1870	1495	1190	932.5	778.5	623	452.5	259	128	65.7	31.45	23.55	10.38	8.73	6.53	4.935	6.23108	5.549469	5.209649	4.561732	4.099638	3.609415	3.482653	3.008743	2.650964	2.192149	1.828827	1.637082	1.340719	1.063608	0.886472	0.670617	0.332537	0.212945	0.152118	0.075873	0.046952	0.010851	0.021715	0.00362	0.003612	0	0	0	0	0	0	0	0	0	0	0	0	0	0	0	0	0
31800	1980	2365	2895	2805	2915	2335	1835	1395	1200	1600	2520	3875	5415	6545	5900	4770	3780	3200	2805	2585	2710	2705	2590	2325	2000	1625	1215	987	797	645	489.5	291.5	157	69.65	33.95	25.35	15.6	10.025	8.73	7.01	5.93426	5.381086	4.984573	4.478612	4.330489	3.379485	3.249489	2.806668	2.502216	2.078046	1.461762	1.641277	1.293875	1.014458	0.999996	0.636625	0.361237	0.238137	0.108942	0.091148	0.038548	0.024568	0.003512	0.003512	0	0	0	0	0.003511	0	0	0	0	0	0	0	0	0	0	0	0	0
32400	4295	3655	3285	3200	3190	3010	2470	1630	1290	1600	2390	3870	5570	6490	6250	5065	4135	3430	3000	2675	2765	2775	2700	2380	2065	1720	1345	1051.5	876.5	683.5	509	291.5	132.5	79.75	43.2	20.1	11.95	9.345	8.54	9.1	5.915541	5.482884	5.228974	4.729699	4.34623	3.608876	3.240192	3.1689	2.574312	2.145114	1.799676	1.76435	1.352275	1.206906	1.01668	0.749996	0.368552	0.285834	0.186443	0.067957	0.057205	0.028646	0.017914	0.01075	0.007151	0.003578	0.003583	0	0	0	0	0	0	0	0	0	0	0	0	0	0	0
33000	7525	7655	6225	4910	4140	3505	2690	1910	1530	1640	2260	3640	5400	6700	6675	5610	4780	4085	3435	2795	2495	2500	2535	2410	2185	1885	1540	1200	951	782.5	543	332.5	182	94.1	43.9	34.3	19.35	11.35	9.245	4.275	6.404715	5.837718	4.930553	4.456232	4.428556	3.847604	3.416548	2.981258	2.627425	2.378802	1.953894	1.595371	1.460502	1.166013	1.026733	0.714194	0.43824	0.299025	0.161014	0.07666	0.051087	0.029237	0.018283	0.007314	0	0	0	0	0	0	0	0	0	0	0	0	0	0	0	0	0	0
33600	7870	9085	7730	5860	4450	3605	2910	2100	1635	1585	2325	3480	5185	6545	6415	5465	4520	3920	3370	2820	2670	2840	2840	2815	2565	2165	1715	1325	1040	801.5	578.5	348	186	95.75	38.5	25.85	23.35	11.65	5.715	11.155	5.932386	5.287299	5.370719	4.258334	4.066859	3.465351	3.220981	2.779981	2.536159	2.044694	1.926231	1.402282	1.255082	1.080885	0.860636	0.55877	0.388639	0.209489	0.158528	0.065319	0.030929	0.020651	0.010331	0.003444	0	0.003439	0	0	0	0	0	0	0	0	0	0	0	0	0	0	0	0
34200	7010	7860	8020	6335	4765	4020	3190	2445	1875	1735	2210	3310	4885	6020	5780	4480	3470	2715	2265	2105	2640	3675	4120	3880	3320	2765	2215	1560	1170	878	598.5	354	190.5	82.2	46.75	30.8	16.05	9.355	10.5	8.405	5.710422	4.903675	4.775803	3.940213	4.113622	3.353445	2.96438	2.685122	2.401555	2.082015	1.642351	1.41251	1.305553	1.077553	0.858667	0.658275	0.361184	0.204602	0.111359	0.055543	0.048582	0.031279	0.013909	0	0	0.003473	0	0	0	0	0	0	0	0	0	0	0	0	0	0	0	0
34800	4535	5785	6245	5290	4145	3050	2610	1995	1615	1480	1980	3000	4455	5660	5735	4595	3370	2765	2540	2515	2935	3685	3795	3285	2820	2340	1815	1340	1019.5	806.5	549	345.5	182	88.9	37	26.15	15.85	8.595	8.055	2.815	5.466589	4.814573	4.691414	4.035474	3.800407	3.331127	3.08678	2.67626	2.443389	1.986283	1.843449	1.55073	1.26878	1.018878	0.915456	0.707055	0.385182	0.274727	0.14129	0.082505	0.075601	0.017208	0.013774	0.013776	0.01031	0	0.003444	0	0	0	0	0	0	0	0	0	0	0	0	0	0	0
35400	3900	4130	3835	2930	2185	1646	1384	1201.5	1175	1540	2105	3045	4590	5985	6360	5300	4225	3680	3375	3100	3125	3130	2985	2570	2180	1795	1445	1120	921	733	491.5	335.5	161	75.35	35.8	24.2	14.2	9.385	11.035	7.035	5.997239	5.346045	4.70347	4.13286	4.076683	3.365544	3.165437	2.785607	2.659762	2.09209	1.869414	1.493387	1.234296	0.9864	0.944075	0.633123	0.427883	0.185611	0.16166	0.087644	0.035045	0.045627	0.014047	0.010537	0.007009	0	0.007024	0.003506	0	0	0.003509	0	0	0	0	0	0	0	0	0	0	0
36000	4010	4835	4370	3720	2915	2265	2090	2420	3925	3860	3295	3400	4415	5845	6410	5800	4710	3895	3450	3020	3090	3050	3020	2800	2425	2050	1625	1220	1014.5	832	603	380.5	218.5	104.45	43.3	31.35	17.45	16.1	8.99	6.995	6.014798	5.227732	5.043991	4.268986	4.047401	3.57226	3.127623	2.810749	2.613029	2.043972	1.87206	1.607871	1.281287	1.164489	0.848306	0.647847	0.392452	0.208076	0.097442	0.069432	0.027762	0.020853	0.01391	0.003478	0.006941	0.003473	0	0	0	0	0	0	0	0	0	0	0	0	0	0	0	0
36600	4505	4715	4970	4295	3525	2810	2265	1925	1840	1755	2000	2620	3925	5575	6415	5740	4475	3620	3495	3390	3365	3380	3065	2860	2485	2105	1685	1310	1015	786.5	631.5	402.5	194	98.4	43.3	30.85	19.75	13.05	12.65	6.365	5.877583	5.257578	5.002744	4.530706	4.163884	3.622386	3.271545	3.030525	2.534448	2.060074	1.707159	1.479909	1.349387	1.081389	0.953546	0.614606	0.421548	0.25468	0.18103	0.070819	0.049555	0.031905	0.014188	0.003547	0.00708	0.003543	0	0	0	0	0	0	0	0	0	0	0	0	0	0	0	0
37200	1335.5	1826	1694.5	1850.5	1345	1171.5	986	919	1073.5	1295	1755	2415	3565	5260	6110	5495	4405	3830	3800	3765	3700	3530	3100	2680	2280	1900	1450	1130	912	729.5	500	283.5	171.5	80.15	43.15	20.65	14.495	14.25	6.48	6.975	5.647958	4.876607	4.974025	4.117653	3.668967	3.482353	3.11425	2.63825	2.522295	1.931377	1.660811	1.529994	1.296275	1.060174	0.822874	0.589782	0.350788	0.185439	0.151627	0.092817	0.0378	0.027533	0.01033	0.003444	0.006873	0	0.003444	0	0	0	0	0	0	0	0	0	0	0	0	0	0	0
37800	385	596.5	824.5	897.5	1012	867	857	767	863	1095	1530	2230	3370	4925	5925	5250	4240	3735	3985	3940	3840	3620	3100	2645	2190	1845	1435	1105	924	745	532	326.5	168	89.25	35.9	24.55	14.35	11.235	7.495	8.425	5.606225	5.173667	5.142845	4.255102	4.168342	3.260347	3.347697	2.66233	2.505758	2.008112	1.640996	1.510987	1.122079	0.989904	0.818193	0.65774	0.424372	0.290672	0.115973	0.094655	0.035044	0.024568	0.024582	0.003512	0	0	0	0	0	0	0	0	0	0	0	0	0	0	0	0	0	0
38400	171	310.5	593.5	373	373	372.5	440	472.5	694	993	1495	2220	3275	4630	5555	5120	4480	4280	4520	4295	4030	3565	2975	2485	2070	1750	1425	1160	912.5	757.5	547.5	307	165	75.15	43.8	20.65	14.05	12.2	7.065	7.71	5.637604	5.450449	4.82	4.227037	3.943167	3.301195	2.871752	2.953253	2.367164	2.148628	1.616799	1.602607	1.266384	1.034976	0.859697	0.592086	0.407901	0.271536	0.175682	0.053649	0.06793	0.039387	0.021496	0.007166	0	0.010735	0	0.003577	0	0	0	0	0	0.003578	0	0	0	0	0	0	0	0
39000	251	285	411	339.5	428	538	448	512	683.5	1095	1620	2410	3340	4755	5905	5685	4530	4040	4345	4070	3840	3420	2860	2460	2110	1750	1430	1145	908	713	547	318	181	80.35	40	24.1	17.1	10.28	5.135	7.67	5.946472	5.22956	5.142645	4.252343	3.980396	3.544469	2.985707	2.775793	2.765788	2.196567	1.917225	1.51829	1.318049	1.114794	0.862858	0.604293	0.332318	0.266194	0.131733	0.051104	0.047436	0.010963	0.014626	0	0.003649	0	0.007314	0	0	0	0	0	0	0	0	0	0	0	0	0	0	0
39600	281.5	301.5	307	345.5	424.5	416.5	428.5	554.5	748.5	1130	1700	2365	3430	4680	5800	5630	4605	4165	4190	4090	3845	3515	2875	2445	2060	1735	1435	1135	914	758.5	537.5	306	155	84.85	47.6	30.4	16.4	11.25	5.265	8.33	5.485577	4.861739	4.89749	4.171867	3.994775	3.342932	3.009416	2.698991	2.522771	1.926066	1.6597	1.45432	1.142325	1.129659	0.803245	0.612979	0.3577	0.204596	0.121795	0.097198	0.048581	0.027803	0.010432	0.010433	0.010411	0.003473	0	0	0	0	0	0	0	0	0	0	0	0	0	0	0	0
40200	153	216	243.5	372.5	346.5	401	395	496	606.5	941.5	1425	2050	2890	4255	5540	5450	4695	4130	4275	4215	3970	3565	3050	2500	2045	1760	1390	1060	871	733.5	532.5	310.5	162.5	81.85	31.6	21.95	12.85	9.145	6.93	10.445	5.813839	5.044191	4.675868	4.202346	3.925047	3.551396	3.161634	2.696042	2.290437	2.006974	1.73192	1.511853	1.285575	1.095518	0.995878	0.692731	0.435697	0.233446	0.12423	0.099141	0.06371	0.038993	0.017734	0.007095	0.007079	0.010627	0	0	0	0	0	0	0	0	0	0	0	0	0	0	0	0
40800	213.5	205.5	228	324.5	401.5	437	503.5	484.5	671.5	953.5	1320	2010	2865	3960	5155	5390	4655	4330	4315	4200	3970	3520	2985	2405	2035	1695	1370	1115	840	671.5	506.5	269	150.5	65.5	38.55	15.55	15.88	11.62	5.71	6.29	5.68683	4.852298	4.402423	3.95177	3.593751	3.303493	2.981026	2.75291	2.435321	2.031678	1.660915	1.48693	1.17577	1.024596	0.833417	0.607463	0.35422	0.205146	0.124228	0.092059	0.053091	0.028358	0.007093	0	0.00354	0	0	0	0	0	0	0	0	0	0	0	0	0	0	0	0	0
41400	198.5	231	335	379	436.5	488	455.5	541.5	623	940	1345	1910	2650	3770	5060	5645	4730	4280	4425	4305	4055	3645	2930	2475	2045	1700	1315	1050	815.5	680.5	490.5	285	150	72.4	25.95	19.55	11.4	7.675	4.91	3.5	5.517541	4.628459	4.796458	3.750613	3.700562	3.119342	3.03764	2.496798	2.396415	1.900923	1.600566	1.426442	1.250127	1.116762	0.734529	0.696265	0.389637	0.219292	0.141974	0.067273	0.028315	0.024813	0.014187	0.007094	0	0.003542	0	0	0	0	0	0	0	0	0	0	0	0	0	0	0	0
42000	425.5	396.5	456	584	515	503	557.5	595	716.5	1073	1565	2205	3020	3960	5280	5765	5000	4445	4285	4310	4180	3625	2995	2385	1960	1650	1355	1055	848	687.5	492.5	273.5	135.5	67.3	29.9	28.6	14.6	6.215	7.265	6.32	5.098548	4.669045	4.437886	3.850634	3.50002	3.176407	2.852729	2.431551	2.406207	1.902558	1.549246	1.36474	1.345068	0.957908	0.893036	0.608004	0.36784	0.272075	0.146752	0.091922	0.051048	0.030675	0.00341	0.006821	0.003403	0.003406	0	0	0	0	0	0	0	0	0	0	0	0	0	0	0	0
42600	628	580	513	717	551	615.5	726	808.5	1160	1635	2155	2925	3790	4670	5640	6165	5435	4430	4185	4190	4130	3560	3050	2400	2010	1655	1300	995.5	798.5	647.5	485	285	162.5	75.65	31.5	24.55	17.7	10.95	6.66	7.67	5.079617	4.5799	4.298309	3.805826	3.447571	3.086948	2.818569	2.517328	2.110441	1.76324	1.540176	1.429802	1.151835	0.87772	0.798855	0.565625	0.385169	0.243812	0.130948	0.058439	0.051544	0.017207	0.02066	0.013776	0.006873	0.003439	0	0	0	0	0	0	0	0	0	0	0	0	0	0	0	0
43200	668	530	497	553	551	663	732.5	900	1235	1820	2435	3115	3940	4765	5600	6140	5445	4405	4120	4220	4135	3710	3085	2340	1925	1620	1245	981	768.5	596	451	270	142	61.85	29.05	21.4	10.4	8.705	5.44	4.235	5.017913	4.352205	4.280997	3.771501	3.627318	3.052517	2.897574	2.451674	2.230507	1.848967	1.495356	1.381426	1.127746	0.912124	0.812554	0.524228	0.378285	0.171696	0.113716	0.06875	0.051543	0.027531	0	0	0.003436	0.003439	0	0	0	0	0	0	0	0	0	0	0	0	0	0	0	0
43800	495.5	529	666.5	769.5	733	840.5	851.5	995.5	1295	1770	2400	3100	3830	4670	5545	5995	5480	4360	4085	4125	4100	3590	2930	2360	1940	1570	1235	873.5	731.5	618.5	426.5	248	138	55	22.8	21.75	12.385	9.95	9.12	3.55	4.743779	4.526311	4.09862	3.69597	3.572197	2.881594	2.653497	2.415707	2.134696	1.798122	1.437123	1.2996	1.083458	0.937206	0.699278	0.531092	0.30862	0.23813	0.137052	0.080628	0.04906	0.038605	0	0.014048	0.010513	0.003507	0	0	0	0	0	0	0	0	0	0	0	0	0	0	0	0
44400	585	649	716	707	786	765.5	849	1034	1440	1975	2600	3255	3880	4675	5470	6120	5685	4460	3995	4040	3975	3580	2960	2395	1990	1570	1225	976	772.5	627.5	454	257	133	65.85	28.55	18.2	13.75	10.8	7.325	6.3	4.563532	4.156392	4.144269	3.647071	3.305381	2.928536	2.630487	2.127387	2.124044	1.687421	1.396366	1.296565	0.986316	0.858163	0.650178	0.581001	0.311183	0.228087	0.122735	0.0728	0.039694	0.006626	0.013259	0	0.003308	0.003311	0	0	0	0	0	0	0	0	0.003314	0	0	0	0	0.003311	0	0
45000	751	701	727.5	765.5	877	974.5	1235	1515	2120	2740	3220	3560	4130	4725	5680	6330	5990	4550	3810	3860	3810	3620	3240	2605	2150	1725	1335	1075	809	673	497.5	292.5	156	74.85	33.8	20.2	10.7	8.315	5.045	4.19	4.752635	4.36707	4.420482	3.656322	3.544204	3.197034	2.735116	2.510611	2.332104	1.686987	1.54135	1.475199	1.135345	0.921078	0.775523	0.525892	0.343798	0.187251	0.121791	0.069425	0.03817	0.020851	0.010431	0.003478	0	0	0	0	0	0	0	0	0	0	0	0	0	0	0	0	0	0
45600	660.5	641.5	770	787.5	980.5	1135	1535	2085	3000	3890	4165	4120	4210	4655	5480	6295	6020	4680	3715	3440	3655	3650	3265	2740	2275	1790	1375	977.5	787	617.5	440.5	261	141.5	61	35.5	25.85	12.85	10.195	5.86	6.295	5.126478	4.530802	4.263977	3.729939	3.648874	2.890348	2.485481	2.529602	2.18203	1.925292	1.53545	1.404732	1.123862	1.005699	0.882846	0.489357	0.390359	0.194894	0.108653	0.104775	0.039727	0.018085	0.010857	0.00362	0	0.003615	0	0	0	0	0	0	0	0	0	0	0	0	0	0	0	0
46200	780.5	704.5	686.5	766.5	1035	1265	1605	2195	3055	4285	4485	4135	3970	4260	4980	5995	5835	4515	3425	3205	3405	3495	3105	2645	2125	1675	1245	897	720.5	578	391.5	215	122	56.85	21.95	20.05	14.3	8.195	6.53	5.62	4.752151	4.037694	4.010229	3.344574	3.467023	2.568697	2.640721	2.417001	1.969161	1.611558	1.459346	1.368381	1.008184	0.879048	0.709853	0.525585	0.38673	0.198495	0.108649	0.086707	0.046949	0.018084	0.007238	0	0.003612	0	0	0.003613	0	0	0	0	0	0	0	0	0	0	0	0	0	0
46800	610.5	837.5	863.5	931.5	1110	1335	1870	2675	3985	5495	5690	5020	4190	3970	4720	5855	6115	4620	3460	2960	3330	3405	3210	2755	2180	1700	1240	869.5	721.5	573.5	413.5	217	129	56.55	27.1	17.25	14.65	5.825	5.46	7.665	4.435936	4.003809	3.736317	3.387773	3.322956	2.725896	2.443811	2.292786	2.124086	1.715147	1.37818	1.426293	1.045207	0.839825	0.647973	0.448344	0.364521	0.181993	0.117159	0.079061	0.030925	0.020648	0.01033	0	0.003436	0	0.003444	0	0	0	0	0	0	0	0	0	0	0	0	0	0	0
47400	813.5	868	851	946.5	1285	1690	2160	2855	4505	5695	6500	5915	4795	4040	4290	5500	6035	4770	3410	3010	3260	3375	3020	2550	2070	1615	1230	887.5	696	564.5	425.5	260	136.5	57.45	21.25	19.45	10.865	9.53	12	4.945	4.385203	4.063053	3.821841	3.348164	3.2744	2.575914	2.611813	2.108518	2.088169	1.694474	1.383296	1.34297	1.076839	0.882662	0.77471	0.503835	0.4554	0.230975	0.076054	0.086707	0.043337	0.032552	0.018094	0.007239	0.003612	0	0	0	0	0	0	0	0	0	0	0	0	0	0	0	0	0
48000	600.5	736.5	736	899	1170	1525	2245	3050	4755	6150	7420	7320	6085	4905	4725	5645	6185	4910	3570	3255	3455	3420	3060	2465	1975	1565	1190	871	698.5	552.5	409.5	241.5	112.5	60.95	37.3	21.15	13.15	8.83	6.7	7.715	4.369	3.953768	3.719446	3.152348	3.138854	2.498281	2.637027	2.203775	2.067826	1.753413	1.300141	1.299851	1.092197	0.90121	0.696363	0.468107	0.307864	0.201636	0.072976	0.079415	0.056232	0.043066	0.016573	0.01326	0.003308	0.003311	0	0	0	0	0	0	0	0	0	0	0	0	0	0	0	0
48600	649	583	578	791.5	1050	1310	1925	2620	4255	6130	7520	8240	7400	5625	4920	5585	6055	4820	3645	3365	3475	3330	2875	2315	1865	1485	1105	865	646	498.5	388	223	116.1	59.65	27	19.45	13.35	6.33	10.625	8.405	4.310828	3.748968	3.578291	3.332574	3.043164	2.587057	2.408065	2.27479	2.07515	1.752599	1.377354	1.320698	1.006292	0.958242	0.7552	0.541629	0.336668	0.23112	0.137049	0.084132	0.049058	0.024566	0.010534	0.007024	0.010513	0.003507	0.003512	0	0	0	0	0	0	0	0	0	0	0	0	0	0	0
49200	376.5	501.5	552.5	888	989	1210	1615	2350	3825	5880	8350	10090	9695	7345	5825	6035	6350	5300	3960	3605	3720	3700	3110	2415	1925	1590	1175	848.5	688.5	586	392	231.5	117.5	59	32.8	20.85	14.05	10.045	8.445	7.005	4.422901	3.961097	3.890894	3.264516	3.115476	2.8897	2.521114	2.406997	2.077828	1.741632	1.494815	1.131813	1.162565	0.78782	0.738364	0.563343	0.33274	0.239365	0.17567	0.071527	0.0429	0.028643	0.021494	0.007166	0	0.003578	0.003583	0.003577	0	0	0	0	0	0	0	0	0	0	0	0	0	0
49800	422.5	484.5	490.5	676.5	905.5	1235	1640	2280	3715	5655	8045	10055	9975	7640	5775	5590	5835	5040	3805	3465	3535	3505	2950	2335	1790	1435	1049.5	784	620.5	502	356.5	204	100.95	47.9	19.65	27.2	12.85	11.25	8.27	5.63155	4.135365	3.921442	3.855492	3.147157	3.009494	2.439445	2.410909	2.272646	1.880306	1.780728	1.337898	1.291222	0.931365	0.865017	0.688597	0.483106	0.322325	0.2016	0.124223	0.056649	0.067245	0.010634	0.024826	0.003547	0.003539	0	0.007094	0	0	0	0	0	0	0	0	0	0	0	0	0	0	0
50400	429.5	635.5	843	1172.5	1429.5	1760	2115	2670	4320	6450	8985	11050	11150	8815	6575	6180	6260	5295	4095	3685	3710	3590	3065	2420	1975	1555	1180	844	687.5	570	412	266.5	127.15	64.9	37.7	27.15	11.9	8.205	8.725	4.96	4.279515	3.671685	3.652194	3.123053	3.261871	2.548557	2.316986	2.186809	2.176685	1.560235	1.405497	1.281988	1.153582	0.884552	0.7727	0.590882	0.371746	0.213616	0.112453	0.112178	0.080598	0.031586	0.014046	0.01756	0.003504	0.003507	0	0	0	0.003504	0	0	0	0	0	0	0	0	0	0	0	0
51000	316	285	314.5	629.5	872	1180	1920	3050	5070	6930	9600	11530	11420	9035	6795	6175	6145	5340	4020	3660	3645	3560	3065	2480	1975	1560	1190	875	716	578.5	410	251	141	67.05	34.95	21.05	15.1	9.89	5.58	7.705	4.335414	4.065628	3.711992	3.367625	3.247802	2.737889	2.569394	2.334735	2.124216	1.728172	1.38443	1.320744	1.108012	0.831909	0.804177	0.478339	0.431371	0.199611	0.140568	0.105168	0.052565	0.035096	0.014046	0.003512	0	0	0	0	0	0	0	0	0	0	0	0	0	0	0	0	0	0
51600	151.75	420	367.5	700	925	1405	2210	3310	5465	8045	10850	12900	12400	9560	7285	6515	6210	5065	3860	3300	3405	3450	3040	2590	2105	1645	1170	845	665	565.5	409.5	237	139.5	55.3	32.45	21.05	11.35	8.855	6.12	2.785	4.389617	3.914264	3.807802	3.237699	3.093696	2.776955	2.516394	2.343189	2.117216	1.645385	1.513484	1.220589	1.145738	0.896729	0.768583	0.477124	0.343791	0.211521	0.11483	0.072895	0.041639	0.045177	0.006954	0.017388	0.00347	0.003473	0	0.003471	0.003477	0.003469	0	0	0	0	0	0	0	0	0	0	0	0
52200	340.5	406.5	655.5	750	1218.5	1685	2570	3785	6435	9270	12600	14650	13900	10655	7795	6815	6405	5285	3865	3335	3410	3380	2995	2550	2080	1675	1230	920.5	704	536.5	401.5	266	118	67.1	38.4	24.45	15.245	12.285	7.775	1.4394	4.144213	3.862027	3.581562	3.293045	3.264792	2.686704	2.672584	2.311807	2.20038	1.908647	1.447378	1.408908	1.010332	1.007952	0.875907	0.449263	0.392408	0.225391	0.125269	0.062481	0.062458	0.024326	0.006954	0.003478	0.00694	0	0.003477	0	0	0	0	0	0	0	0	0	0	0	0	0	0	0
52800	379.5	617.5	703.5	1010	1545	2255	3155	4880	7960	11650	15350	17850	17200	13200	9190	7235	6675	5565	3930	3200	3275	3380	3065	2685	2230	1785	1355	972	738	599	432	275	146.5	74.3	38.05	23	12.5	7.515	5.85	6.98	4.325605	4.020069	3.645873	3.144949	3.133561	2.641884	2.519101	2.161366	2.124111	1.831201	1.52535	1.333949	1.093074	0.985174	0.67232	0.515775	0.306532	0.180249	0.116036	0.085112	0.074871	0.017042	0.013641	0.006821	0.003403	0.006812	0	0.003405	0	0	0.003408	0	0	0	0	0	0	0	0	0	0	0
53400	932	1150	1570	2280	3155	4180	5670	7630	11900	16250	21200	24000	23250	17550	11450	8005	7040	5900	3900	2980	2920	3020	3030	2770	2430	2130	1635	1270	900	641.5	476	271.5	149	72.5	38.95	20.6	9.415	6.215	8.325	7.015	4.512723	3.853222	3.786967	3.32669	3.334371	2.775205	2.623232	2.255946	2.120709	1.854138	1.419562	1.243323	1.224319	0.908261	0.810534	0.564993	0.411563	0.259376	0.11155	0.091045	0.037079	0.037135	0.023644	0.010135	0.013484	0.003374	0.003378	0	0	0.00337	0	0	0	0	0	0	0	0	0	0	0	0
54000	1140	1850	2465	3715	4935	6305	8085	10050	14350	19050	24550	28650	27500	21400	13400	8980	7485	6160	4105	3105	3060	3145	3125	2915	2600	2365	1875	1370	1014	691	459	295.5	155	73.6	38.95	21.5	13.05	8.045	9.965	5.61	4.48987	3.729709	3.995771	3.573244	3.278771	2.711013	2.523346	2.343198	2.231576	1.808199	1.412591	1.370552	1.065888	0.959296	0.855138	0.504987	0.475753	0.260067	0.142668	0.100665	0.045109	0.048652	0.017385	0	0.01041	0	0	0.003471	0	0	0	0	0	0	0	0	0	0	0	0	0	0
54600	2805	3370	4235	5720	7870	9920	12100	14150	19100	25000	31600	36500	35300	26750	16400	10300	8030	6480	4320	2940	2725	2955	3055	3155	3115	2905	2465	1850	1280	830	482	259	125.5	54.4	34.6	22.45	11.1	7.515	9.7	8.43	4.299711	3.841097	3.748597	3.455589	3.142551	2.763044	2.731564	2.224614	1.988987	1.690401	1.51347	1.485617	1.197806	1.021845	0.806658	0.585081	0.447966	0.277401	0.135706	0.072894	0.048578	0.024326	0.010431	0.010433	0.00347	0.010418	0	0	0	0	0	0	0	0	0	0.003473	0	0	0	0	0	0
55200	1970	2925	3920	5795	8260	10350	12800	15100	20050	25350	32150	38050	37950	29600	18550	11150	8685	7090	4790	3270	2850	2830	2930	3020	3075	2985	2690	2100	1480	911.5	587	275	147	72.6	32.75	16.45	14.15	9.015	6.265	4.25	4.304612	4.077755	3.809362	3.380038	3.116358	2.75457	2.548993	2.165962	2.014626	1.82667	1.53664	1.408614	1.271339	1.04228	0.918135	0.614543	0.428589	0.208675	0.124223	0.109758	0.060167	0.021268	0.017733	0	0.007079	0.010627	0	0.003541	0.007093	0	0	0	0	0	0	0	0	0	0	0	0	0
55800	2350	3000	4330	6405	9130	12100	14800	16850	21600	27200	33350	39350	39300	31300	19400	11900	8885	7135	4735	3225	2715	2795	2965	3140	3380	3280	2920	2200	1490	906	552.5	277	132	58.1	24.15	22.05	5.615	6.075	7.07	6.31	4.484369	3.988916	3.951332	3.52819	3.109206	2.821815	2.396739	2.169498	2.007538	1.702991	1.447905	1.405044	1.165088	0.921736	0.918126	0.63585	0.432126	0.198062	0.152616	0.077892	0.053088	0.028357	0.01064	0.003547	0.003539	0.003542	0	0	0	0	0	0	0	0	0	0	0	0	0	0	0	0
56400	1855	2855	3955	6615	9325	12150	14800	17250	20600	26400	32700	38650	39150	32200	20900	13050	9940	8185	5640	3650	2805	2645	2880	2955	3225	3370	3165	2655	1790	1140	657.5	308	150.5	75.9	32.35	22.75	12.65	6.735	7.245	7.735	4.431053	3.886368	3.731194	3.251506	3.194927	2.603371	2.519842	2.402444	2.103336	1.839351	1.363863	1.353097	1.176974	1.025321	0.848203	0.515428	0.409768	0.235791	0.139186	0.065952	0.045108	0.034751	0.031293	0.020865	0.00347	0.003473	0	0	0	0	0	0	0	0	0	0	0	0	0	0	0	0
57600	1190	2200	3635	5205	7190	9495	11000	12500	15150	19900	26950	34650	39900	38100	30250	21700	16750	13950	10200	6360	3850	2675	2370	2500	2725	2930	3080	2780	2230	1500	893	466.5	201.5	78.3	41.65	23.8	18.55	10.15	3.922	5.585	4.52277	4.21599	3.991445	3.439267	3.173148	2.78966	2.807296	2.392711	2.331391	1.805936	1.509206	1.426493	1.234151	0.916768	0.881074	0.595657	0.397155	0.210791	0.103972	0.089412	0.046477	0.021483	0.017913	0.007166	0.003575	0.003578	0	0	0	0	0	0	0	0	0	0	0	0	0	0	0	0
58200	1195	1715	2980	4225	6015	7625	9330	10750	13250	17850	24450	32750	39750	40800	33850	25200	19300	15250	11400	7205	4285	2945	2510	2530	2740	2825	2695	2390	1845	1320	775.5	403	168	78.15	30.1	26.9	15.2	7.645	5.185	6.295	4.059569	3.692754	3.536163	3.192891	3.060842	2.608129	2.509753	2.271303	2.022689	1.731636	1.468731	1.334805	1.167597	0.923155	0.786679	0.524052	0.396292	0.178595	0.098395	0.084133	0.031538	0.021057	0.007023	0.007024	0.014018	0	0	0.003506	0	0	0	0	0	0	0	0	0	0	0	0	0	0
58800	1042.5	2285	3110	4435	5655	6615	7870	9080	11250	16500	22500	30650	39050	42050	37850	29750	21900	16600	11900	7665	4835	3395	2910	2675	2600	2345	2140	1805	1360	962	612	298.5	164.5	75.85	32.8	19.1	12.565	8.47	4.335	6.96	4.258548	3.858062	3.792777	3.203382	3.131379	2.81146	2.55533	2.341739	2.236164	1.889064	1.542524	1.380595	1.150069	0.98283	0.874091	0.562742	0.392786	0.280151	0.137051	0.115683	0.049059	0.049134	0.007023	0	0.010513	0.003507	0	0.003506	0	0	0	0	0	0	0	0	0	0	0	0	0	0
59400	1310	1990	3165	4175	4955	6110	7165	8555	11150	15600	21200	28550	36300	39450	35800	27800	20400	15200	10900	6900	4530	3360	2910	2625	2435	2165	1830	1500	1130	777.5	508.5	256.5	120	68.25	31.25	23.95	14.265	6.09	7.11	5.585	3.947062	3.545001	3.240348	2.974706	2.786324	2.277023	2.283765	2.004891	1.88152	1.555268	1.39862	1.377474	1.024184	0.802858	0.716626	0.498002	0.291692	0.204578	0.069591	0.059008	0.034698	0.010425	0.017385	0	0.00347	0	0	0	0	0	0	0	0	0	0	0	0	0	0	0	0	0
60000	1400	2815	3520	4845	5460	6465	7365	8585	10800	15400	20150	26650	32850	35050	31900	25200	18500	13700	9725	6245	4185	3355	2770	2495	2260	1935	1675	1295	1010	751.5	472	233.5	104.25	51.9	20	14.45	11.65	9.23	4.9	3.5041	3.84588	3.390507	3.238127	2.875963	2.856363	2.335291	2.21708	1.968646	1.859991	1.716596	1.351385	1.235973	0.951485	0.916707	0.713373	0.513092	0.339885	0.20006	0.118305	0.046491	0.053624	0.021482	0.028658	0.003583	0	0.010734	0	0	0	0	0	0	0	0	0	0	0	0	0	0	0	0
60600	3760	5410	6745	8300	8955	9240	9365	9785	11150	14850	18400	22200	24900	24600	21000	16550	12750	9405	6435	4390	3435	3040	2810	2405	2130	1850	1490	1170	891.5	608	399.5	216	107.85	60.85	26.75	16.3	9.835	10.18	6.925	7.035	3.772105	3.402721	3.187942	2.794235	2.635437	2.251712	2.024947	2.080515	1.89084	1.674671	1.398176	1.202251	0.973825	0.829535	0.759195	0.440463	0.315229	0.145005	0.134865	0.053106	0.028313	0.028356	0.014186	0.003547	0.010618	0.003542	0	0	0	0	0	0	0	0	0	0	0	0	0	0	0	0
61200	4415	7010	8700	10490	11290	11250	10555	10750	12650	14850	17300	19500	20850	19950	16850	13300	10500	7780	5375	3760	3175	2885	2665	2420	2150	1825	1500	1130	855.5	607.5	360.5	177	95.2	47.9	25.7	16.7	12.3	9.9	3.89	4.905	3.242603	3.190245	2.887951	2.466422	2.39026	2.054044	2.050674	1.778182	1.73208	1.28588	1.160487	1.041429	0.861351	0.712183	0.658496	0.448006	0.236122	0.200728	0.105511	0.051032	0.01913	0.012773	0.01278	0.006391	0.003188	0	0	0	0	0	0	0	0	0	0	0	0	0	0	0	0	0
61800	4260	6910	8305	9820	10110	10390	10060	10750	13050	15700	16900	17150	17050	16200	14300	11350	8630	6395	4360	3235	2935	2880	2635	2380	2135	1845	1465	1130	845	583	341	168.5	74.75	45.35	22.65	15.25	12.08	6.35	4.92	4.195	3.606347	3.317414	3.244683	2.801239	2.898927	2.294155	2.113411	2.04847	1.862532	1.540386	1.327178	1.106193	1.094205	0.75862	0.759181	0.561224	0.354184	0.159149	0.092275	0.042484	0.042468	0.024811	0	0.010641	0.010618	0.003542	0	0	0	0	0	0	0	0	0	0	0	0	0	0	0	0
62400	3620	5250	6480	7400	8055	8100	8890	10850	13100	15800	16450	16250	15350	14900	13300	10650	8165	5970	4100	2910	2710	2795	2585	2390	2205	1870	1530	1170	865	557.5	333.5	163.5	80.75	41.35	20.2	20.65	12.645	6.215	5.055	6.295	3.824351	3.304258	3.220059	2.754677	2.550472	2.456779	2.109712	1.91827	1.788514	1.45958	1.365665	1.196399	1.030135	0.895184	0.666975	0.505895	0.372069	0.203624	0.11113	0.067946	0.046472	0.025061	0.017911	0.007165	0.003575	0.003578	0.003582	0	0	0	0	0	0	0	0.003581	0	0	0	0	0	0	0
63000	4590	5290	6625	7750	8025	8350	9355	11250	14200	17300	17400	16250	15000	14400	13400	10700	8145	6010	4140	3115	2825	2835	2740	2490	2260	1965	1555	1125	845.5	578.5	329	152.5	81.35	43.2	18.55	12.49	11.185	6.98	6.39	3.52	3.657859	3.295081	3.082474	2.661695	2.422386	2.338015	2.127512	1.742954	1.837071	1.413182	1.31051	1.200877	0.894034	0.782689	0.580348	0.443122	0.336646	0.171578	0.112443	0.070105	0.028032	0.014037	0.014045	0.003512	0	0	0	0	0	0	0	0	0	0	0	0	0	0	0	0	0	0
63600	3320	4760	6565	7765	8030	8545	9870	11900	14800	16750	16850	15650	14250	14100	12950	10550	8110	6115	4175	3045	2825	2755	2685	2560	2355	2020	1545	1155	794.5	584.5	326.5	138.5	82.45	30.9	17.65	17.3	10.12	9.785	9.815	6.34	3.482905	3.132666	3.138131	2.589515	2.699447	2.148965	2.035496	1.888402	1.643383	1.452037	1.305865	1.173754	0.956086	0.872044	0.702672	0.440447	0.308135	0.180366	0.095822	0.046024	0.010617	0.017722	0.014185	0.01064	0.007078	0.003542	0.003547	0	0	0	0	0	0	0	0	0	0	0	0	0	0	0
64200	2570	4045	5560	6985	8360	9210	10750	12400	14650	15200	14550	12900	12300	12450	12050	9745	7665	5725	3905	3000	2645	2700	2590	2580	2335	1985	1585	1090	834.5	573	293.5	140.5	61.5	39.6	24.2	12.925	8.055	6.74	4.51	7.635	3.496992	3.200138	2.992573	2.441332	2.457271	2.046288	1.936369	1.689242	1.749401	1.285984	1.309408	1.102613	0.949	0.744425	0.716793	0.568317	0.336468	0.187438	0.113566	0.067265	0.03539	0.017722	0.003546	0	0	0.007084	0.003547	0	0	0	0	0	0	0	0	0	0	0.003543	0	0	0	0
64800	2925	4120	6290	7600	8475	9990	11000	13300	15100	16300	15450	13850	12900	12900	12150	10080	7835	5915	4020	3115	2845	2840	2665	2600	2335	2005	1565	1110	791.5	567.5	308	148	75.8	34.75	20.45	15.9	13.2	5.935	5.055	8.35	3.680317	3.178839	3.152331	2.68477	2.496455	2.081699	2.017796	1.863507	1.869569	1.406109	1.238443	1.109731	0.90297	0.918128	0.716796	0.422687	0.322302	0.190976	0.124214	0.056645	0.024773	0.014177	0.02837	0.003547	0	0.003542	0	0	0	0	0	0	0	0	0	0	0	0	0	0	0	0
65400	2225	3715	7720	8045	9250	10350	11750	13650	15950	19100	19250	17700	15800	14850	13650	11500	9225	7285	5215	3885	3370	3180	3040	2830	2620	2220	1705	1275	912	592	339	151.5	76.9	45.95	22.55	13.25	11.315	8.565	5.55	8.39	3.874374	3.56614	3.15957	2.58963	2.56067	2.1526	2.056827	2.080534	1.950941	1.466233	1.309471	1.156021	0.973834	0.900443	0.776857	0.52927	0.322316	0.244035	0.127768	0.092052	0.028313	0.028356	0.010639	0.010641	0	0	0.003547	0	0	0	0	0	0	0	0	0	0	0	0	0	0	0
66000	1575	3030	5280	7355	9720	11150	11800	13300	16350	20550	22300	21650	19000	17100	15400	12900	10550	8675	6415	4730	3980	3545	3380	3070	2795	2425	1865	1365	977.5	625.5	360.5	170	85.4	52.25	32.6	24.65	13.13	11.335	9.21	9.785	4.125753	3.291717	3.697734	2.80504	2.669332	2.218939	2.08555	1.876844	1.826659	1.567166	1.415978	1.250238	0.978224	0.888025	0.75169	0.499415	0.333155	0.234617	0.144074	0.080625	0.05957	0.021056	0.003511	0.003512	0.003504	0.003507	0	0.003506	0	0	0	0	0	0	0	0	0	0	0	0	0	0
66600	2335	4355	6920	9625	11750	12850	12900	13400	16250	20500	23250	23200	20550	17950	15850	13150	10950	8975	6735	4920	3970	3595	3290	3075	2740	2290	1825	1335	918	634.5	368	161	72.5	36.65	18.7	19.15	10.455	8.475	8.465	4.91	3.874324	3.576471	3.307476	2.888792	2.549366	2.485279	2.183629	1.88031	1.882593	1.595104	1.261343	1.204419	1.02728	0.83535	0.807606	0.538086	0.452376	0.227607	0.130014	0.05959	0.031536	0.038602	0.024579	0.021071	0	0	0.003512	0	0	0	0	0	0	0	0	0	0	0	0	0	0	0
67200	3530	4255	6440	8970	11400	12200	12000	13050	16700	20700	23950	24150	21500	18600	16400	13850	11400	9310	7100	5195	4200	3710	3355	3095	2720	2310	1860	1365	967	678	370.5	168.5	83.1	38.85	17.8	18.55	11.8	7.24	6.385	4.935	4.008265	3.580283	3.258913	2.931802	2.792113	2.403929	2.08511	2.044932	1.699973	1.529801	1.369774	1.369415	1.090674	1.028046	0.776843	0.57899	0.425024	0.233421	0.134864	0.063727	0.060164	0.017722	0.010639	0.014188	0	0	0.003547	0	0	0	0	0	0	0	0	0	0	0	0	0	0	0
67800	1490	2635	4410	6565	8970	10180	10900	12350	15000	20350	23850	24400	21950	18700	16450	14300	11800	9595	7215	5235	4200	3740	3295	3115	2800	2345	1830	1350	951	637	357.5	169.5	84.1	44.1	27.3	17.55	12.5	12.3	5.275	7.015	3.833398	3.589859	3.250212	2.88071	2.489541	2.083024	2.079404	1.943969	1.839212	1.471547	1.347126	1.208683	1.007353	0.860448	0.678806	0.548341	0.323244	0.23006	0.120601	0.085933	0.041232	0.020647	0.017216	0.003444	0.006872	0	0	0	0	0	0	0	0	0	0	0	0	0	0	0	0	0
68400	1246.5	2345	4230	6575	8440	10215	11200	12100	14250	19800	23550	24350	22250	19000	16550	14650	12000	9625	7270	5300	4130	3605	3380	3070	2855	2400	1820	1285	906	603.5	351	175.5	82.2	39.45	27.4	12.85	8.845	10.85	8.715	4.955	3.68265	3.142744	2.944587	2.51056	2.298973	1.896626	1.852209	1.879799	1.546222	1.38481	1.032899	1.079772	0.850502	0.693166	0.640008	0.497923	0.265638	0.211568	0.060207	0.082187	0.063197	0.044305	0.012666	0.006334	0.00948	0	0.003167	0.003161	0	0	0	0	0	0	0	0	0	0	0	0	0	0
69000	1429.5	2585	4785	6260	7660	9120	9740	10815	13250	18950	22950	24650	22600	19050	16350	14650	12200	9660	7210	5195	4195	3670	3240	3060	2780	2395	1810	1275	906	608.5	338.5	156.5	65.45	39.9	20.6	20.6	12.7	7.54	5.325	9.805	4.080748	3.634339	3.34199	2.882978	2.769917	2.220765	2.091841	1.957793	1.681424	1.438174	1.387177	1.314966	1.058754	0.973964	0.684811	0.592007	0.393536	0.260782	0.150564	0.071522	0.053621	0.028641	0.010746	0.010748	0.003575	0	0	0	0	0	0	0	0	0	0	0	0	0	0	0	0	0
69600	221	614	1300	2040	3385	4910	6680	8805	12150	17250	21750	24550	23300	19850	16800	14850	12350	9670	7390	5135	4065	3470	3335	3045	2885	2485	1900	1385	964.5	664	365	166.5	82.35	39.5	20.3	10.065	10.72	6.195	4.2	7.65	3.833285	3.355265	3.194971	2.681962	2.690008	2.137959	2.024353	1.81616	1.57495	1.313721	1.140373	1.091236	0.983258	0.764055	0.661645	0.541427	0.326673	0.219752	0.141271	0.054996	0.041231	0.024088	0.003443	0.006887	0.006872	0	0	0	0	0.003435	0	0	0	0	0	0	0	0	0	0	0	0
70200	137.35	342	812	1525	2485	4015	5790	7745	10850	15600	20200	23550	23250	20150	17000	14600	12250	9990	7480	5395	4160	3575	3285	3110	2950	2615	2095	1530	1080	732	404.5	169.5	90.55	39.75	19.3	13.25	12.9	4.35	7.515	7.055	3.966791	3.454946	3.191378	2.825954	2.780703	2.152814	2.056079	1.767398	1.495785	1.434602	1.100419	1.016761	0.894216	0.734052	0.613476	0.473604	0.318406	0.192907	0.086036	0.060794	0.042897	0.039382	0.010746	0.014331	0	0	0	0	0	0	0	0	0	0	0	0	0	0	0	0	0	0
70800	90.3	269	469.5	842	1800	3020	4775	6715	10120	13900	18850	23000	23600	21050	17350	14700	12250	10035	7825	5410	3980	3400	3295	3100	3035	2730	2215	1660	1145	743	408.5	176.5	83.3	37.6	18.65	21.2	13.15	7.92	7.065	8.41	3.760284	3.372449	3.270286	2.726189	2.291485	1.999054	2.023909	1.78537	1.695709	1.348962	1.197206	1.106588	0.897798	0.726895	0.613479	0.495135	0.325563	0.182191	0.14698	0.075098	0.039323	0.025061	0.025075	0	0.00715	0	0	0	0	0	0	0	0	0	0	0	0	0	0	0	0	0
71400	234.5	285.5	509.5	861.5	1485	2505	3835	5930	7945	12500	17200	21600	23250	21300	17450	14500	11850	9780	7380	5290	3815	3180	3000	3070	2995	2820	2375	1785	1225	771	441	196	89.1	48	21.45	20.3	13.2	13.05	11.27	4.29	3.786149	3.239285	2.889695	2.758912	2.40391	1.954287	1.883314	1.728402	1.650484	1.275416	1.029099	1.081298	0.860494	0.762168	0.614409	0.497289	0.311683	0.162686	0.117118	0.042484	0.017695	0.021266	0.003546	0	0.003539	0.003542	0	0	0	0	0.003544	0	0	0	0	0	0	0	0	0	0	0
72000	224	332	562	774	1180	2015	3105	4850	7450	11100	15500	19900	22000	20200	16900	13750	11450	9275	7030	4710	3350	2870	2805	2960	2960	2800	2410	1875	1295	833.5	469.5	205.5	97.3	41.85	18.8	20.6	14.15	12.3	6.39	4.245	3.817863	3.040371	2.861285	2.310846	2.411024	2.000305	1.932869	1.639487	1.572726	1.335472	1.107165	1.013713	0.85695	0.655817	0.568503	0.458215	0.255012	0.145003	0.102922	0.046025	0.010617	0.010633	0.003546	0.007094	0.003539	0	0.003547	0	0	0	0	0	0	0	0	0	0	0	0	0	0	0
72600	203	341.5	462.5	763	1070	1785	2805	4345	6685	10150	13850	17450	19500	18500	16000	13150	10850	8600	6460	4335	3090	2715	2660	2845	2845	2815	2510	1920	1340	820	445.5	204	95.65	45.2	24.1	15.95	13.1	9.8	4.865	5.595	3.500821	3.105207	2.787252	2.399736	2.369513	1.787702	1.668375	1.580995	1.326201	1.171831	0.969714	1.074106	0.718739	0.684419	0.524415	0.436092	0.273527	0.2171	0.105416	0.056085	0.038544	0.021056	0.007022	0.007023	0	0.010521	0	0	0	0	0	0	0	0	0	0	0	0	0	0	0	0
73200	230	428	510	738	1395	1610	2500	4060	6080	9195	12550	15800	17450	16900	14700	12200	10115	8130	5895	3990	2865	2570	2505	2750	2855	2825	2525	1970	1330	860.5	459	204.5	84.75	40.95	24.8	16.45	12.45	7.89	7.06	2.16155	3.382781	2.977757	2.979789	2.319899	2.273465	1.877438	1.684182	1.519518	1.474353	1.059883	0.917606	0.970046	0.736828	0.65527	0.53857	0.351612	0.186033	0.128603	0.093205	0.050065	0.021448	0.00716	0.014328	0	0	0	0.003582	0.003576	0	0	0	0	0	0	0	0	0	0	0	0	0	0
73800	565.5	689	1054	1480	1520	1740	2525	3620	5990	8655	11450	14400	15750	15100	13550	11400	9515	7545	5450	3615	2595	2305	2430	2620	2745	2755	2425	1965	1360	816.5	437	212	98.5	38.55	18.55	14.05	11.5	8.19	4.875	4.915	3.224528	2.677761	2.791213	2.476483	2.140257	1.731972	1.558291	1.513176	1.198841	1.077199	0.928884	0.815979	0.732513	0.58039	0.522729	0.365646	0.250008	0.13869	0.097423	0.055534	0.024287	0.010424	0.01043	0	0	0	0	0	0	0	0	0	0	0	0	0	0	0	0	0	0	0
74400	1905	3090	3870	4915	4610	3950	3410	3820	5785	8305	10850	13600	14850	14550	13000	11050	9280	7655	5515	3610	2635	2285	2380	2590	2705	2695	2435	1925	1385	876	499.5	238.5	102.65	53.65	26.6	14.6	11.015	7.675	4.91	4.915	3.269524	2.998178	2.739064	2.255167	2.133318	1.856962	1.658972	1.359794	1.361718	1.03912	0.988047	0.833431	0.801962	0.545647	0.546972	0.393513	0.208344	0.107487	0.076548	0.024297	0.00347	0.010425	0.003477	0.006955	0	0	0	0	0	0	0	0	0	0	0.003476	0	0	0	0	0	0	0
75000	1044.5	1749.5	2500	2970	2900	2725	2910	3670	5475	7960	10300	12500	13500	13400	12150	10600	8910	7410	5310	3580	2620	2320	2290	2500	2720	2705	2530	2080	1485	992.5	550.5	269.5	135	64.65	29.7	22.15	12.55	10.95	7.47	2.845	3.312458	2.834524	2.797895	2.39982	2.228549	1.927981	1.794618	1.510625	1.270258	1.122898	0.95218	0.767749	0.687209	0.540535	0.510448	0.327081	0.259509	0.126063	0.056224	0.04557	0.024529	0.021056	0.007023	0.003512	0	0.007014	0	0	0.003511	0	0	0	0	0	0	0	0	0	0	0	0	0
75600	365	571.5	853	1105	1450	2040	2705	3695	5750	7980	10175	11950	12900	13100	11950	10700	9155	7600	5685	3805	2685	2290	2195	2420	2560	2740	2555	2250	1640	1041.5	635.5	286.5	152.5	67.45	31	19.95	12.05	10.45	8.045	5.6253	3.25414	2.827849	2.747863	2.259316	2.051222	1.879144	1.507948	1.552516	1.287969	1.073503	0.849631	0.865295	0.663969	0.634011	0.553436	0.338133	0.228179	0.122424	0.092139	0.040851	0.013612	0.006816	0.00341	0	0	0	0	0	0	0	0	0	0	0	0	0	0	0	0	0	0	0
76200	616	630	861.5	1125	1350	1895	2560	3545	5275	8015	10200	12100	12950	12950	12000	10700	9260	7495	5560	3825	2715	2305	2180	2395	2585	2625	2550	2205	1605	1050	567.5	295	138.5	62.7	32	21.7	18.95	10.185	7.195	4.895	3.609906	2.969361	2.811611	2.346148	2.346942	1.802061	1.762962	1.48302	1.307672	1.07404	1.117821	0.821649	0.686983	0.673548	0.508479	0.348104	0.247931	0.226347	0.067432	0.074348	0.049547	0.017722	0.014186	0.003547	0	0	0	0	0	0	0	0	0	0	0	0	0	0	0	0	0	0
76800	504	831.5	963	1220	1460	2115	2605	3465	4855	7455	9825	11550	12650	12650	11900	10750	9640	8040	5925	4015	2795	2315	2340	2435	2670	2725	2605	2285	1635	1044	635	336.5	145	71.05	31.25	18.8	18.85	10.95	8.3	7.005	3.409002	2.99781	2.800992	2.342645	2.172459	1.780839	1.70634	1.635964	1.427852	1.112916	0.880072	0.843	0.796768	0.652285	0.451986	0.358765	0.258559	0.145005	0.081629	0.063728	0.035391	0.014178	0.007093	0.014188	0.003539	0.003542	0	0	0	0	0	0	0	0	0	0	0	0	0	0	0	0
77400	655	780.5	1040	1265	1580	2065	2550	3345	4685	7010	9225	11150	12200	12150	11650	10800	9385	7865	5905	4130	2830	2410	2205	2450	2665	2730	2655	2290	1660	1080	638.5	313	165	80.6	37.25	22.8	18.05	13.1	10.21	9.12	3.532382	3.022667	2.769036	2.511989	2.243683	1.890589	1.649695	1.539937	1.350095	1.215373	0.915557	0.871454	0.577213	0.652284	0.501422	0.365868	0.244391	0.134395	0.092276	0.042485	0.031852	0.024811	0.007093	0.003547	0.003539	0	0	0	0	0	0	0	0	0	0	0	0	0	0	0	0	0
78000	736.5	1111	1590	1650	1800	2085	2535	3295	4695	6685	8930	10600	11800	12100	11550	10650	9625	8170	6230	4160	2950	2475	2435	2500	2715	2705	2615	2195	1680	1105	658.5	359.5	170.5	75.6	39.8	26.8	16.7	8.32	6.125	6.3	3.504244	2.96234	2.769088	2.430888	2.261531	1.830435	1.766551	1.51507	1.297105	1.144733	1.093011	0.885698	0.718873	0.574304	0.501431	0.397845	0.237312	0.127324	0.063885	0.035405	0.017696	0.010634	0	0.007094	0	0	0.003547	0	0	0	0	0	0	0	0	0	0	0	0	0	0	0
78600	926.5	1360	1680	1890	2100	2275	2740	3180	4310	6335	8425	10080	11300	11550	11100	10250	9360	7965	6145	4135	2875	2515	2385	2580	2680	2785	2645	2265	1685	1130	640.5	358.5	183.5	89.25	49.7	38.75	17.65	11.345	7.905	7.045	3.848917	3.288363	3.169528	2.276956	2.3976	1.810424	1.719021	1.756278	1.541289	1.303998	0.995124	0.924106	0.766673	0.67248	0.524228	0.424804	0.208139	0.123971	0.095133	0.062051	0.025541	0.010963	0.010969	0	0	0.003652	0	0	0	0	0	0	0	0	0	0	0	0	0	0	0	0
79200	837	1280	1775	2020	2100	2345	2740	3210	4145	6085	8135	9860	10850	11150	10700	10100	9175	8010	6030	4110	2970	2485	2375	2545	2710	2790	2670	2310	1680	1115	644	355.5	186.5	94.2	46.85	29.7	18.4	10.45	11.065	9.125	3.82215	3.18627	2.931526	2.592001	2.316754	1.889462	1.714037	1.563478	1.382267	1.126421	0.920578	0.876943	0.743323	0.621278	0.461511	0.323571	0.259515	0.129567	0.042169	0.045571	0.045554	0.014038	0.007023	0.010536	0	0	0	0	0	0	0	0	0	0	0	0	0	0	0	0	0	0
79800	1109	1350	2095	2585	2735	2710	2975	3415	4255	5685	7575	9295	10550	11000	10850	10350	9580	8495	6705	4755	3165	2610	2430	2510	2710	2790	2725	2415	1830	1210	743	406	190	94.45	54	30.4	23.2	18.5	12.8	7.025	3.935137	3.322534	3.109216	2.787033	2.518353	2.063618	1.90251	1.616684	1.535208	1.156362	1.114869	0.883916	0.786989	0.680409	0.502958	0.387533	0.218255	0.13219	0.078875	0.082258	0.046477	0.017903	0.003583	0.003583	0	0	0.003583	0	0	0	0	0	0	0	0	0	0	0	0	0	0	0
80400	683	1255	1920	2405	2560	2785	2990	3400	4280	5350	6985	8810	10200	10700	10650	10200	9655	8490	6970	4965	3385	2505	2330	2425	2630	2725	2775	2375	1865	1220	777.5	437	221.5	103	53.7	27.1	16.95	11.45	7.74	11.865	3.736387	3.210834	2.864574	2.504393	2.199822	2.013307	1.759754	1.523782	1.403403	1.354422	0.935932	0.889293	0.763831	0.663863	0.470847	0.348268	0.232669	0.131768	0.080033	0.052068	0.038169	0.003475	0.003477	0	0	0	0	0	0	0	0	0	0	0	0	0	0	0	0	0	0	0
81000	1098	1720	2110	2490	2550	2525	2620	3030	3860	5210	7015	8560	9855	10450	10350	9810	9220	8330	6640	4640	3160	2535	2395	2605	2665	2830	2680	2315	1840	1260	752.5	426	209	104.05	54.4	39.95	25.5	17.3	6.655	8.345	4.134718	3.756827	3.299405	2.751495	2.611988	1.949243	1.956225	1.706563	1.467427	1.209942	0.964343	0.970188	0.711894	0.630297	0.609992	0.283484	0.286247	0.157205	0.078877	0.075108	0.046478	0.017903	0	0	0	0	0	0	0	0	0	0	0	0	0	0	0	0	0	0	0	0
81600	1685	2170	2480	2525	2625	2430	2410	2495	3280	4655	6285	8215	9505	10300	10200	9880	9460	8665	6825	4850	3215	2485	2500	2480	2735	2765	2565	2265	1680	1150	706	376	198	94.4	35.6	23.4	19.4	15.75	6.385	7.705	3.835779	3.157819	2.886352	2.533301	2.261618	1.890697	1.855127	1.568478	1.389051	1.123577	1.054015	0.885732	0.740149	0.574326	0.497919	0.337471	0.230237	0.130866	0.085183	0.035406	0.024775	0.021268	0.003547	0	0	0.003542	0	0	0	0	0	0	0	0	0	0	0	0	0	0	0	0
82200	607.5	1043	1665	1725	1860	1930	2100	2395	3250	4555	6265	7810	9105	9775	9635	9295	8950	8290	6800	4810	3185	2545	2320	2440	2635	2670	2595	2235	1655	1105	693.5	384	190	84.7	33.9	25.8	12.95	11.1	8.73	9.11	3.569963	3.127862	2.981465	2.497151	2.171501	1.756533	1.701384	1.529672	1.489259	1.183449	1.030188	0.891	0.766713	0.481866	0.45598	0.358674	0.202894	0.16139	0.075809	0.027499	0.051542	0.013765	0.01033	0.010331	0	0	0.003444	0	0	0	0	0	0	0	0	0	0	0	0	0	0	0
82800	695.5	1024.5	1305	1730	1925	2105	2160	2525	3110	4415	6105	7675	8925	9630	9590	9170	8925	8280	6740	4775	3300	2530	2465	2515	2595	2670	2590	2235	1705	1160	709.5	371	201.5	88.2	43.45	28.15	15.75	11.78	10.45	4.24	4.110727	3.412973	3.202567	2.669868	2.20307	2.120743	1.952664	1.646332	1.464816	1.234829	1.09028	0.861792	0.635263	0.650571	0.509681	0.38087	0.273876	0.182316	0.058545	0.047452	0.025542	0.007309	0.003656	0.003657	0.003649	0.003652	0	0	0	0	0	0	0	0	0	0	0	0	0	0	0	0
83400	494.5	887	1023	1425	1605	2015	2320	2485	3360	4405	5550	7240	8525	9080	9165	8840	8590	7990	6800	4935	3335	2595	2430	2525	2625	2710	2525	2245	1755	1200	784	406	205	84.5	44.75	29.5	14.4	11.225	8.585	2.81	3.705342	3.108096	2.918311	2.610929	2.307924	1.940269	1.95072	1.515132	1.597589	1.30731	1.135642	1.031578	0.818062	0.723227	0.561484	0.436936	0.269201	0.180383	0.088732	0.046028	0.038932	0.010634	0	0.003547	0	0	0	0	0	0	0	0	0.003544	0	0	0	0	0	0	0	0	0
84000	522	819	910	1140	1605	1875	2175	2715	3250	4360	5410	6865	8140	8845	8835	8550	8220	8110	7060	5350	3685	2620	2270	2425	2600	2755	2605	2415	1855	1255	769.5	428.5	208	96.65	43.15	29.9	16.65	13.485	9.77	7.695	3.867389	3.232761	2.937014	2.633723	2.356407	2.138676	1.863131	1.598686	1.531604	1.113509	1.046735	1.081516	0.729737	0.533572	0.506513	0.405466	0.246873	0.132187	0.086043	0.035764	0.017875	0.010741	0.003582	0.014332	0	0.007156	0	0	0	0	0	0	0	0	0	0	0	0	0	0	0	0
84600	269	480.5	926	984.5	1390	1880	2115	2630	3160	4185	5340	6765	8190	9170	9300	8920	8545	8370	7185	5215	3600	2720	2450	2500	2675	2755	2615	2310	1645	1045	628	352.5	168.5	83.4	32.95	29.45	14.7	10.045	8.455	6.325	3.276013	2.91199	2.726264	2.393183	2.194034	1.940624	1.606468	1.536703	1.280388	1.059955	0.910634	0.765108	0.718284	0.548494	0.463062	0.321713	0.26064	0.093426	0.06027	0.046762	0.026711	0.003344	0.006692	0.003346	0	0.003342	0	0	0	0	0	0	0	0	0	0	0	0	0	0	0	0
85200	242	488	829.5	982.5	1465	1840	2310	2800	3315	4245	5230	6550	7885	8750	8975	8600	8330	8055	7150	5330	3600	2690	2400	2525	2640	2760	2595	2230	1670	1125	720	378.5	185.5	90.25	43.45	32.65	17.5	16	11	8.43	3.725005	3.196935	3.087681	2.455569	2.298884	2.031419	1.784487	1.652602	1.399531	1.224166	0.989396	0.894691	0.66536	0.565811	0.467284	0.383943	0.239721	0.14648	0.046607	0.05007	0.017875	0	0.010747	0.007166	0.003575	0.003578	0	0	0	0	0	0	0	0	0	0	0	0	0	0	0	0
85800	357.5	583	1081.5	1380	2010	2490	2875	3130	3650	4640	5460	6605	7810	8535	8860	8275	8045	7940	6920	5105	3540	2670	2445	2455	2630	2660	2645	2385	1805	1225	734	406	224.5	107.5	47	34.75	18.25	7.78	8.32	4.96	3.864119	3.552227	2.890004	2.646299	2.300877	2.060719	1.911839	1.771268	1.314873	1.130683	0.940484	0.867977	0.740175	0.588528	0.536782	0.273538	0.170027	0.113185	0.070988	0.056652	0.035394	0.014179	0.007093	0	0	0	0.003547	0	0	0	0	0	0	0	0	0	0	0	0	0	0	0
