0	10	11.189	12.52	14.008	15.674	17.538	19.624	21.957	24.568	27.49	30.759	34.417	38.509	43.089	48.213	53.946	60.361	67.539	75.57	84.556	94.611	105.862	118.451	132.536	148.297	165.932	185.664	207.742	232.445	260.087	291.015	325.621	364.342	407.668	456.146	510.389	571.082	638.992	714.978	800	819.679778644733	880.917448391193	946.491860977391	1017.19407043742	1093.05244872645	1174.42010683599	1262.11627785635	1356.14115310534	1457.25731663128	1566.28419284228	1683.22207108676	1808.45185640514	1943.14627867713	2088.12466507081	2244.14998543238	2411.6599867432	2591.38907241424	2784.94791141492	2992.74626377877	3215.92790873351	3456.10351445801	3714.06461644315	3990.98278480328	4288.44070393171	4608.40205733991	4952.47693609109	5321.83768347651	5718.829758465	6145.47320505222	6604.08414417601	7097.09295856234	7626.43399685399	8195.27339627099	8806.77343447353	9463.71808979813	10169.6240055301	10928.4764547399	11743.8191039564	12619.9900471026	13561.7350178278	14573.8012921819	15660.9361470058
600	142.85	351	460	594.5	870	1121	1350	1520	1775	1850	2040	2280	2420	2615	2730	2815	2690	2235	1745	1310	1190	1075	1135	1100	1040	845.5	778.5	727	578.5	421	256	121	75.4	39	20.1	14.35	10.53	6.885	3.8	4.91	2.566232	2.333409	2.254096	1.961449	1.873144	1.628464	1.419472	1.297994	1.236898	0.830202	0.670644	0.665096	0.55238	0.304847	0.173012	0.11721	0.077916	0.028291	0.007098	0.00708	0	0.003544	0	0	0	0	0	0	0	0	0	0	0	0	0	0	0	0	0	0	0	0
1200	86.85	216	372	597.5	867.5	1160	1450	1620	2020	2145	2310	2475	2615	2745	2865	2965	2910	2500	1915	1465	1250	1205	1145	1195	1070	960	790.5	734.5	593	407.5	259	163.5	87.1	47	25.2	17.35	9.63	8.065	2.275	4.89	2.830953	2.577678	2.257951	2.003939	2.008183	1.613145	1.57651	1.382139	1.224152	0.943292	0.764552	0.770004	0.543913	0.394673	0.203844	0.139145	0.065721	0.036458	0.021951	0.00365	0.007297	0	0	0.007313	0	0	0	0	0	0	0	0	0	0	0	0	0	0	0	0	0	0
1800	96.1	270.5	355.5	675.5	1008.5	1260	1470	1815	1980	2205	2345	2650	2745	2905	3035	3185	3165	2790	2170	1655	1370	1340	1240	1245	1170	957	866	789	649.5	454	280	166	84.75	44.45	26.4	14.95	6.77	6.59	4.64	6.305	2.700277	2.455117	2.278069	2.017364	1.673392	1.481373	1.319715	1.27401	1.180296	0.857477	0.795809	0.725152	0.577549	0.395775	0.226251	0.158627	0.055016	0.027468	0.006891	0.006874	0.003436	0	0	0	0	0	0	0	0	0	0	0	0	0	0	0	0	0	0	0	0	0
2400	98.2	205.5	471	598.5	946.5	1305	1575	1825	2025	2210	2490	2650	2875	3005	3210	3425	3445	3105	2355	1825	1530	1405	1325	1265	1225	1050	896	787	668.5	488	328.5	182	105.35	50.2	22.45	17	8.965	4.355	2.285	3.485	2.78092	2.644027	2.388063	2.113148	1.906489	1.505482	1.651951	1.239287	1.181589	0.842172	0.781375	0.822719	0.525779	0.379544	0.285327	0.09687	0.053662	0.046439	0.028678	0.007152	0	0	0	0	0	0.003578	0	0	0	0	0	0	0	0	0	0	0	0	0	0	0	0
3000	84	85.8	245.5	440	731	1025.5	1485	1810	2215	2330	2495	2740	2930	3125	3200	3415	3555	3315	2685	2050	1625	1435	1360	1335	1260	1135	967	824	731	516	326.5	205.5	117	51.3	27.4	18.3	9.53	4.485	5.185	2.8291	2.772875	2.486202	2.236048	2.003988	1.927463	1.635082	1.448819	1.22819	1.169531	0.98702	0.801153	0.700354	0.580432	0.314285	0.283932	0.120839	0.069374	0.014584	0.021952	0.007299	0	0.007308	0	0	0	0	0	0	0	0	0	0	0	0	0	0	0	0.003653	0	0	0	0
3600	52.5	152	205	543.5	684.5	1150	1625	2020	2405	2545	2750	2830	3010	3245	3475	3700	3810	3675	2925	2340	1865	1685	1540	1465	1410	1220	1016	949.5	781	578	359	207	118.5	62.5	39.05	22.75	15.05	7.365	9.305	2.83	2.596427	2.298387	2.1982	1.770743	1.770348	1.443341	1.507887	1.169469	1.179174	0.876432	0.795003	0.663479	0.50051	0.446516	0.186735	0.099045	0.061299	0.040806	0.023887	0.006808	0.010208	0.003408	0	0	0	0.003406	0	0	0	0	0	0	0	0	0	0	0	0	0	0	0	0
4200	121.3	126.15	251.5	617.5	862.5	1295	1720	2155	2515	2675	2850	2885	2990	3220	3480	3860	4090	3860	3100	2370	1975	1715	1610	1535	1385	1210	1040	925	796	545	337.5	201.5	113.3	65.75	30.45	15.45	17.1	7.515	4.775	3.505	2.82015	2.584693	2.463843	2.071349	1.907564	1.528281	1.517632	1.235899	1.252694	0.891974	0.758893	0.774751	0.497849	0.400115	0.265699	0.084403	0.080654	0.038517	0.017569	0.003505	0.003504	0	0	0	0	0	0	0	0	0	0	0	0	0	0	0	0	0	0	0	0	0
4800	84.9	175.5	425.5	662	877.5	1375	1765	2155	2560	2715	2835	2850	2985	3220	3490	3900	4230	3965	3185	2495	2045	1800	1655	1500	1425	1180	992	923.5	760.5	547	350	199.5	114	56.25	30	15.75	11.45	6.865	6.795	7.725	3.137072	3.002858	2.621199	2.319889	2.248275	1.827365	1.94878	1.602133	1.470777	1.074153	0.906849	0.880224	0.600905	0.436845	0.281767	0.086109	0.042931	0.035723	0.017924	0.003576	0.010724	0.00358	0	0	0	0	0	0	0	0	0	0	0	0	0	0	0	0	0	0	0	0
5400	89.2	220.5	507	720	1055	1345	1770	2105	2510	2690	2815	2780	2890	3085	3410	3735	4020	3580	2940	2295	1985	1795	1640	1520	1300	1110	961.5	857.5	755.5	512	326.5	192	111.5	56.5	34.6	20.35	10.05	8.315	7.775	5.63	3.352397	3.220967	3.010467	2.566406	2.161201	1.929809	1.964345	1.649149	1.514141	1.097979	0.765371	0.843874	0.631835	0.465701	0.335792	0.1184	0.038196	0.034672	0.013917	0	0.00347	0	0	0.003477	0	0	0	0	0	0	0	0	0	0	0	0	0	0	0	0	0	0
6000	417	493	508.5	849.5	1105	1345	1660	1950	2330	2440	2580	2595	2685	2925	3215	3550	3710	3340	2735	2170	1875	1730	1605	1425	1300	1090	979	909.5	711	513.5	347	189	102.85	55.65	33	15.25	9.86	7.02	4.75	3.51	3.734632	3.572881	3.346071	2.983044	2.729141	2.194291	2.078435	1.802807	1.543134	1.388691	1.032945	0.883927	0.603033	0.512431	0.276189	0.147707	0.070134	0.028013	0.021083	0	0	0	0	0	0	0	0	0	0	0	0	0	0	0	0	0	0	0	0	0	0	0
6600	165	289.5	438.5	731.5	938.5	1345	1585	1930	2425	2605	2730	2710	2750	2935	3255	3605	3675	3370	2675	2120	1860	1720	1615	1455	1285	1055	979.5	861	724	538.5	304.5	193	105.5	50.7	29	19.75	15.7	7.915	5.985	2.785	3.67487	3.367492	3.275312	2.689235	2.677682	2.077428	2.023811	1.754674	1.583705	1.353184	1.05787	0.852299	0.63806	0.521703	0.326453	0.120634	0.070167	0.030028	0.01674	0.01002	0	0.003344	0	0	0	0	0	0	0	0	0	0	0	0	0	0	0	0	0	0	0	0
7200	99.25	310.5	569.5	770	1032.5	1400	1665	2155	2660	2920	2940	2970	2980	3125	3300	3745	3825	3495	2750	2160	1790	1740	1585	1505	1295	1070	976	855	714	527.5	334.5	185	101.5	57.85	24.75	18.2	10.065	7.915	5.99	6.295	4.122057	3.601014	3.335526	2.773462	2.841973	2.169754	2.124	1.929566	1.805572	1.32223	0.990784	1.070572	0.690683	0.491373	0.349606	0.126606	0.070134	0.042019	0.017569	0.014021	0.003504	0	0	0	0	0	0	0	0	0	0	0	0	0	0	0	0	0	0	0	0	0
7800	201.5	242.5	348	640.5	1006	1320	1630	2045	2640	2860	2980	2910	3005	3120	3285	3645	3740	3425	2810	2185	1805	1695	1645	1595	1335	1085	934.5	873.5	740	571.5	342	207	113	61.85	34.4	19.9	10.71	6.61	3.8	4.18	4.041788	3.664321	3.328504	3.073869	2.528163	2.061096	2.176578	1.813374	1.672607	1.241779	1.00484	0.905058	0.65913	0.526472	0.23074	0.126606	0.080655	0.010505	0.014055	0.007011	0.007008	0	0	0	0.003504	0	0	0	0	0	0	0	0	0	0	0	0	0	0	0	0	0
8400	81.25	198.5	343.5	607.5	905	1240	1550	2155	2595	2825	3045	3020	3040	3190	3305	3710	3725	3575	2785	2080	1740	1720	1620	1560	1350	1135	947	880.5	748	501	335	211	119	69.05	29.9	20.2	13	6.215	8.345	5.605	4.269873	3.823645	3.589815	3.311996	2.827254	2.178399	2.459966	1.974142	2.03397	1.470874	1.021125	1.038027	0.704607	0.531741	0.317075	0.134108	0.06144	0.043306	0.036214	0.007225	0.003611	0	0	0	0	0	0	0	0	0	0	0	0	0	0	0	0	0	0	0	0	0
9600	111	176.5	501.5	711	883	1120	1410	1880	2410	2570	2790	3010	3110	3220	3310	3480	3490	3195	2535	1930	1615	1475	1500	1390	1260	1085	970.5	883	735.5	565.5	386.5	215.5	132	63.15	34.8	22.3	10.52	10.95	10.75	5.665	4.844739	4.40649	4.168691	3.615422	3.416847	2.593991	2.642835	2.257117	2.005103	1.584638	1.328123	1.10231	0.760832	0.494902	0.349619	0.158264	0.070137	0.038519	0.01757	0.007011	0	0.003509	0	0	0	0	0	0	0	0	0	0	0	0	0	0	0	0	0	0	0	0
10200	173	194.5	375	548.5	840.5	1029.5	1380	1650	2145	2535	2715	2960	3055	3080	3290	3380	3405	3085	2415	1835	1510	1455	1450	1365	1250	1035	960	874.5	736.5	580.5	364	217.5	129.5	69.45	36.15	19.15	13.7	11.25	9.41	6.33	4.998372	4.642163	4.2777	3.72375	3.445094	3.032198	2.772553	2.464897	2.183591	1.437734	1.229757	1.144583	0.873038	0.579146	0.318157	0.154748	0.091179	0.024512	0.014056	0.003505	0.007008	0	0	0	0	0	0	0	0	0	0	0	0	0	0	0	0	0	0	0	0	0
10800	230.5	304.5	425	614.5	825.5	947.5	1225	1620	2045	2265	2655	2755	3035	3065	3220	3250	3235	2915	2375	1785	1460	1335	1315	1355	1225	1050	956.5	888.5	739.5	537	391.5	218.5	130	68.15	30.45	25.2	17.35	8.57	8.32	7.055	5.133398	4.947371	4.35069	4.02855	3.426996	3.027477	3.038049	2.380674	2.369449	1.669218	1.267403	1.263103	0.903378	0.611345	0.403565	0.119614	0.057828	0.039698	0.018108	0.014451	0.007223	0	0	0	0	0	0	0	0	0	0	0	0	0	0	0	0	0	0	0	0	0
11400	188.5	274.5	323.5	571.5	731	971.5	1315	1595	1925	2315	2650	3000	3105	3305	3315	3435	3320	3025	2405	1835	1465	1375	1390	1370	1300	1140	990.5	895	747.5	572.5	387	214	117	62.35	35.2	24.5	14.205	10.725	10.485	4.935	5.115307	4.948401	4.576884	3.573124	3.222795	3.044146	2.776628	2.294304	2.179524	1.589915	1.395147	1.220553	0.864486	0.556095	0.40159	0.132337	0.069451	0.041609	0.034796	0	0.00694	0.003475	0	0	0.00347	0	0	0	0	0	0	0	0	0	0	0	0	0	0	0	0	0
12600	208	244.5	436.5	590.5	741.5	1090	1310	1640	2220	2625	3075	3235	3380	3365	3525	3580	3460	3105	2455	1780	1405	1220	1260	1250	1240	1120	1002.5	971.5	807.5	642	439	255.5	144.5	81.15	35.95	27.3	16.25	11.8	8.58	5.6	5.519713	5.066177	4.894987	4.066382	3.849369	2.961222	3.343599	2.712357	2.295603	1.820145	1.337086	1.214451	0.908588	0.547892	0.281791	0.17582	0.053668	0.025008	0.017926	0.007153	0.003575	0	0	0	0	0	0	0	0	0	0	0	0	0	0	0	0	0	0	0	0	0
13200	136	269.5	411	583.5	725.5	1064.5	1255	1620	2020	2495	2875	3075	3150	3355	3370	3390	3355	2945	2325	1650	1285	1120	1130	1190	1135	1125	1105	1020	861	702	478	280.5	161	78.95	42.05	23.95	16.35	9.895	5.545	7.02	5.668481	5.053021	4.865911	3.974482	3.757128	3.037293	2.960667	2.437334	2.328591	1.7112	1.395189	1.147353	0.802016	0.531781	0.283891	0.135824	0.038199	0.02774	0.010439	0.006942	0.00347	0.003475	0	0	0	0	0	0	0	0	0	0	0	0	0	0	0	0	0	0	0	0
13800	219.5	291.5	471	643.5	757.5	1023.5	1060	1380	1795	2095	2430	2815	2900	3105	3195	3295	3090	2760	2030	1445	1090	991.5	1019.5	1110	1225	1235	1210	1055	864.5	659	477.5	276	154	77.75	37.6	28	13.2	13.35	7.73	9.79	5.79949	5.825438	5.186904	4.389166	3.793101	3.136993	3.200443	2.724381	2.332754	1.706562	1.508268	1.109831	0.701193	0.553054	0.31782	0.113674	0.077926	0.035369	0.007099	0	0.003539	0	0	0	0	0	0	0	0	0	0	0	0	0	0	0	0	0	0	0	0	0
14400	88	208.5	380	460	540.5	804.5	959.5	1270	1575	1845	2130	2420	2645	2890	3020	2990	2915	2495	1875	1250	916.5	877.5	937	1095	1200	1300	1220	1115	842.5	670	455	274	156	78.8	37.45	26.35	17.05	11.75	9.66	7.74	6.275437	5.857408	5.25081	4.364469	4.238302	3.466271	3.292492	2.887986	2.449392	1.727762	1.320179	1.266346	0.934924	0.567235	0.268381	0.166959	0.049589	0.028295	0.010648	0.003541	0	0	0	0	0	0	0	0	0	0	0	0	0	0	0	0	0	0	0	0	0	0
15600	79.985	132.85	278	392.5	547	705	900	1060	1350	1710	1930	2270	2565	2775	2935	2950	2880	2465	1805	1180	922.5	830.5	869	1070	1155	1320	1250	1085	887.5	673.5	461	273	159	73.6	36.4	22.1	11.8	10.135	7.475	6.99	6.267588	5.948852	5.640929	4.665145	4.367445	3.501276	3.329318	2.834523	2.459847	1.777331	1.408789	1.218052	0.8764	0.619516	0.395936	0.19735	0.075135	0.050017	0.043022	0.007153	0.003575	0	0	0	0	0	0	0	0	0	0	0	0	0	0	0	0	0	0	0	0	0
16200	98.1	129.5	203	303	531	641.5	827.5	995.5	1255	1545	1860	2130	2360	2645	2730	2810	2640	2175	1615	1105	798	740	773.5	908	1060	1210	1255	1170	976.5	708	499	312.5	160.5	89.95	45.85	22.3	12.415	11.86	10.895	7.025	6.48568	5.964809	5.845696	4.918699	4.097669	3.789583	3.57192	2.813661	2.649152	1.784149	1.380919	1.127037	0.890619	0.617791	0.321671	0.140688	0.112227	0.052529	0.024599	0	0	0	0.003512	0	0	0	0	0	0	0	0	0	0	0	0	0	0	0	0	0	0	0
16800	150.5	153.5	226.5	318	458	602	781.5	1075	1220	1470	1790	2115	2405	2610	2700	2745	2595	2230	1665	1065	843.5	720	761	905.5	1045	1195	1225	1120	897.5	694	498.5	296.5	177	92.8	44.3	31.7	15.7	14.25	8.67	7.68	6.566896	6.189409	6.082179	5.092947	4.389145	3.801792	3.561856	3.280085	2.859781	1.962967	1.462598	1.440861	0.937236	0.637438	0.374544	0.197356	0.103761	0.042873	0.039437	0.007153	0	0.003581	0.003583	0	0	0	0	0	0	0	0	0	0	0	0	0	0	0	0	0	0	0
17400	117	117	271.5	380.5	448.5	609.5	780	958	1310	1500	1730	2060	2355	2580	2750	2705	2540	2125	1560	1020	739.5	781	806	1007.5	1135	1230	1280	1060	865.5	652	450.5	274.5	152.5	87.3	40.7	32.95	20.75	16.65	9.495	10.52	6.997309	6.419347	6.231233	5.339374	4.924608	3.898421	3.775248	2.92887	2.701434	1.986617	1.430455	1.2886	0.964875	0.741625	0.425215	0.286369	0.130122	0.050529	0.036218	0.018065	0.007223	0.003617	0.003619	0	0	0	0	0	0	0	0	0	0	0	0	0	0	0	0	0	0	0
18000	118.95	157.5	305.5	356.5	482.5	655	893.5	1005.5	1305	1475	1795	2045	2345	2630	2765	2810	2660	2155	1555	1011.5	785.5	761.5	851.5	1036.5	1175	1275	1260	1080	851.5	652	469	278	165	89.3	40.2	23.05	20.4	15.2	11.05	10.51	7.259352	6.489943	6.262882	4.900964	4.900957	3.852355	3.767046	2.955682	2.721657	1.98577	1.57931	1.309085	1.055373	0.613347	0.384931	0.191833	0.077929	0.053056	0.028395	0.010622	0	0	0.003547	0	0	0	0	0	0	0	0	0	0	0	0	0	0	0	0	0	0	0
18600	132	198.5	266	394	614	746.5	1007	1150	1505	1730	2005	2290	2540	2740	2840	2830	2750	2315	1645	1185	870	822.5	859.5	976.5	1105	1240	1230	1060	895.5	658	495.5	312	179.5	107	50.7	29.25	15.3	13.2	8.95	6.31	6.732413	6.211405	6.079672	5.077601	4.69476	3.840926	3.891167	3.06902	2.854653	1.918149	1.717061	1.273863	0.944415	0.617911	0.454051	0.209766	0.111329	0.067373	0.013522	0.003372	0.003371	0	0	0	0	0	0	0	0	0	0	0	0	0	0	0	0	0	0	0	0	0
19200	100.5	274.5	335.5	434	591	692	888.5	1076.5	1490	1630	1995	2285	2615	2835	2905	2910	2715	2380	1755	1185	930	849.5	939	1030	1215	1305	1220	1039.5	799	700.5	471.5	295	175.5	93.65	44.25	23.75	22.25	13.65	15.15	10.56	7.457924	6.792804	6.542904	5.101833	5.048261	4.212822	3.945109	3.27734	2.874604	2.037127	1.571716	1.455598	1.015485	0.669282	0.443239	0.195749	0.112051	0.04692	0.028975	0.018065	0	0	0	0	0	0	0	0	0	0	0	0	0	0	0	0	0	0	0	0	0	0
19800	99.3	116.35	191.5	405.5	511	731	814.5	1019.5	1300	1545	1840	2125	2475	2740	2810	2820	2555	2185	1470	1075	899.5	925.5	1026.5	1105	1230	1310	1210	1040	828.5	657.5	481.5	293.5	149.5	90.75	46.25	24.4	19.65	12.55	14.3	7.07	7.188865	6.358534	6.465278	5.179728	4.961525	4.114387	3.954705	3.418075	2.972626	2.183648	1.494139	1.476283	1.122667	0.634622	0.476751	0.234463	0.113352	0.063667	0.035494	0.010622	0.010618	0.003545	0	0	0	0	0	0	0	0	0	0	0	0	0	0	0	0	0	0	0	0
20400	66	109	201	258.5	411	684.5	813	913.5	1245	1495	1775	2115	2470	2670	2740	2580	2390	1950	1370	1022.5	858.5	978	1049.5	1140	1300	1360	1265	1023.5	813	634.5	455.5	270.5	168	89.1	42.5	19.9	15.8	14.65	10.19	9.105	6.837625	6.698988	6.100177	5.303282	4.759757	3.859058	3.776467	3.280122	2.802688	2.052216	1.68129	1.351047	0.983751	0.734136	0.477995	0.244006	0.12523	0.046446	0.017926	0.021459	0.014301	0.003581	0	0	0	0	0	0	0	0	0	0	0	0	0	0	0	0	0	0	0	0
21000	43.9	119	225.5	252	400.5	558.5	707.5	917	1220	1405	1710	2145	2435	2725	2640	2580	2420	1855	1355	939	818	917.5	1050	1175	1255	1375	1320	1100	842.5	656.5	466	289.5	170	78.45	46.8	24.7	15.95	12.1	11.16	6.355	6.644519	5.779213	5.953716	4.865129	4.298057	3.942502	3.540451	3.071135	2.797103	2.055483	1.535627	1.316881	0.946674	0.790887	0.488973	0.276681	0.08515	0.044213	0.030716	0.013618	0.006807	0.003408	0.00341	0	0	0	0	0	0	0	0	0	0	0	0	0	0	0	0	0	0	0
21600	108.5	131	141.5	248	331	510	670	838.5	1125	1400	1690	2090	2465	2675	2680	2555	2320	1890	1250	888.5	826.5	978	1075	1160	1255	1340	1325	1085	847.5	650	480.5	311.5	172	82.2	44.85	30.85	12.76	13.2	13.05	9.125	6.65043	6.522938	5.990453	4.970947	4.769977	3.957358	3.707095	3.162766	2.782667	1.974561	1.461368	1.356665	1.027744	0.716029	0.432782	0.278626	0.121548	0.048548	0.027839	0.020828	0.01388	0.003475	0	0	0	0	0	0	0	0	0	0	0	0	0	0	0	0	0	0	0	0
22200	152.885	126.25	213	337	446.5	521.5	709	896	1270	1490	1745	2210	2530	2810	2780	2690	2400	1995	1410	1025	908.5	969	1050	1050	1175	1295	1275	1065	830	598	435.5	284	156.5	89.7	48.65	28.95	17.65	10.535	7.6	7.725	7.012939	6.503062	6.032142	5.002659	4.647897	3.835247	3.922545	3.264488	2.911686	2.109544	1.693686	1.496882	1.213234	0.747685	0.541959	0.263796	0.105215	0.059535	0.045686	0.010517	0.003504	0	0	0	0	0	0	0	0	0	0	0	0	0	0	0	0	0	0	0	0	0
22800	130.5	103.5	197.5	321	344.5	476.5	636.5	779	1075	1265	1570	1990	2405	2835	2740	2620	2460	2065	1555	1095	913	843.5	877.5	988	1090	1220	1260	1090	858.5	672	470.5	305	178	90.2	38.5	23.3	16.7	10.815	10.905	8.47	7.030432	6.446825	6.23606	5.069063	4.605605	3.705556	3.834932	3.16238	2.778716	2.092063	1.521515	1.387705	0.953762	0.656422	0.419584	0.225108	0.122752	0.059535	0.038657	0.017529	0.003504	0	0	0	0	0	0	0	0	0	0	0	0	0	0	0	0	0	0	0	0	0
23400	78.65	173	173.5	267.5	408.5	476.5	627.5	779	1042	1240	1555	2010	2450	2710	2785	2715	2535	2155	1610	1180	907.5	813.5	892	971	1095	1250	1225	1004.5	821	613.5	475.5	292.5	162	92.2	39.5	25.7	18.3	12.005	10.74	7.71	6.994927	6.5006	6.262882	5.15501	4.779858	3.78508	4.025499	3.279349	2.884249	1.999904	1.6148	1.437147	1.175785	0.826069	0.483812	0.266434	0.138147	0.077815	0.028395	0.010622	0.014158	0	0	0	0	0	0	0	0	0	0	0	0	0	0	0	0	0	0	0	0	0
24000	89.2	143	201	212.5	259	378.5	555.5	707.5	996.5	1235	1495	1945	2365	2730	2935	2810	2630	2270	1850	1280	962.5	837.5	764	904	1018.5	1240	1220	1065	847	633	427.5	256	138.5	71.85	35.2	29.3	12.5	10.8	12.52	9.85	6.484952	6.056617	5.680494	4.95036	4.551015	3.687324	3.822894	3.22977	2.699105	2.037905	1.631075	1.383362	1.116091	0.78784	0.545762	0.251178	0.110916	0.053591	0.021511	0.025035	0.00715	0.010742	0	0.003583	0	0	0	0	0	0	0	0	0	0	0	0	0	0	0	0	0	0
24600	52.5	67.9	78.05	223	282.5	361	557.5	655.5	982	1205	1385	1875	2330	2785	2885	2810	2665	2320	1785	1325	988.5	809.5	833	910	1075	1205	1230	1070	820	669	441.5	257.5	166.5	85.3	43.85	22.3	14.9	9.54	6.52	7.715	6.363178	5.952458	5.649471	4.593685	4.218669	3.530376	3.296333	3.069811	2.683506	1.890155	1.471256	1.384897	1.186212	0.795107	0.555424	0.210384	0.106609	0.061811	0.031014	0.01375	0.013745	0.006883	0	0	0	0	0	0	0	0	0	0	0	0	0	0	0	0	0	0	0	0
25200	72.35	27.3	96.85	142	238	347.5	449.5	661	1027.5	1265	1535	1865	2425	2830	3050	2960	2630	2320	1775	1235	998.5	857.5	945.5	1023.5	1100	1305	1290	1175	884	643	459	259.5	150.5	76.6	33.05	20.5	13.7	13.1	10.5	7.07	6.377444	5.613088	5.325433	4.684623	4.485555	3.621299	3.508811	2.898165	2.65614	1.938068	1.535519	1.320742	1.122035	0.831908	0.538448	0.298961	0.133269	0.038521	0.035142	0.010517	0.007009	0	0	0	0	0	0	0	0	0	0	0	0	0	0	0	0	0	0	0	0	0
25800	52.5	54.65	114	205	202.5	311.5	420.5	673	953.5	1235	1470	1865	2385	2770	3005	2870	2520	2145	1800	1320	1085	945.5	925.5	985.5	1059	1245	1260	1075	912	663	465.5	276	131	74.2	37.2	19.2	14.1	9.22	7.06	9.095	6.003878	5.605993	5.051197	4.509905	4.19282	3.326791	3.165257	2.764319	2.579123	1.805112	1.605777	1.334815	1.125529	0.881041	0.625851	0.246201	0.122746	0.045525	0.017571	0.007011	0.010513	0.007019	0.003511	0	0	0	0	0	0	0	0	0	0	0	0	0	0	0	0	0	0	0
26400	33.75	61.8	121.05	126	220	256	443	619.5	1020	1300	1555	1960	2360	2815	3010	2955	2570	2120	1680	1350	1135	963.5	978.5	1035	1155	1330	1320	1145	925	679	479.5	272.5	153	81.55	38.2	22.45	17.35	9.785	9.26	7.735	6.484109	6.034948	5.658471	4.725006	4.240903	3.493199	3.449094	2.999328	2.667274	2.03619	1.606149	1.397201	1.179251	0.668845	0.56793	0.278328	0.127809	0.083865	0.029273	0.014601	0.007298	0	0.003656	0.003657	0	0	0	0	0	0	0	0	0	0	0	0	0	0	0	0	0	0
27000	85.7	49.85	152.5	199	245.5	300.5	443.5	648.5	961	1230	1435	1940	2330	2830	3100	2895	2630	2170	1770	1390	1190	999	1022.5	1070	1125	1300	1315	1120	868	641.5	414.5	260.5	149	78.15	32.3	24.15	8.225	11.4	7.86	7.72	5.808551	5.228126	5.049609	4.237341	4.163259	3.210619	3.217211	2.689915	2.487855	1.831801	1.615937	1.377962	1.138053	0.74002	0.510842	0.255214	0.123801	0.058376	0.041351	0.017187	0.003436	0.003441	0.003443	0	0	0	0	0	0	0	0	0	0	0	0	0	0	0	0	0	0	0
27600	53.6	65.3	86.6	150.5	254.5	378.5	461	623.5	931	1285	1640	1965	2505	2965	3125	2945	2630	2145	1640	1285	1085	971.5	1015	1035	1190	1350	1400	1245	950.5	674.5	445	253.5	141	69.1	26.5	17.9	14.8	12.7	6.26	5.61	5.930585	5.391469	5.244536	4.915141	4.062352	3.31628	3.358052	2.785452	2.568628	1.997521	1.517936	1.366515	1.100987	0.786269	0.555925	0.291924	0.133268	0.07354	0.059741	0.014022	0.010513	0.00351	0	0.003512	0	0	0	0	0	0	0	0	0	0	0	0	0	0	0	0	0	0
28200	25.885	22.8	113.65	157.5	221.5	276.5	396.5	633	935	1240	1545	1915	2485	3050	3240	3080	2630	2195	1690	1235	992	894	876.5	1045	1280	1490	1500	1290	970	710	465.5	259.5	145.5	71.5	30.7	25.8	14.45	10.05	6.26	10.5	6.064604	5.335309	5.131703	4.330139	4.381835	3.465512	3.161242	2.8453	2.670487	1.973622	1.634626	1.667187	1.316388	0.820053	0.495812	0.254761	0.11807	0.042872	0.046607	0.017882	0.010725	0.00358	0.003582	0	0	0.003578	0	0	0	0	0	0	0	0	0	0	0	0	0	0	0	0
28800	23.605	52.85	57.1	93.25	179	274.5	415	592.5	922.5	1200	1545	1955	2540	3090	3255	3115	2710	2200	1775	1310	968.5	768	733.5	969.5	1295	1455	1430	1200	923.5	678.5	412.5	235.5	121.5	61.1	30.4	16.15	9.97	11.6	6.52	5.615	5.196617	4.829351	4.628842	3.684225	3.602593	2.869868	2.801535	2.465636	2.344924	1.695236	1.491165	1.378358	1.048764	0.797652	0.600989	0.259585	0.173694	0.057813	0.040952	0.003404	0	0	0.00341	0	0	0.003406	0	0	0	0	0	0	0	0	0	0	0	0	0	0	0	0
29400	0	53.2	93.05	104.4	185.5	250.5	379.5	534.5	938.5	1200	1545	2060	2615	3170	3495	3190	2610	2310	1735	1335	1055	875	724.5	947	1225	1410	1410	1140	890	650.5	419	234	118	66.25	29.2	20.75	9.74	9.215	10.075	5.655	5.637226	5.141633	4.822599	3.9893	3.928249	2.913062	3.168685	2.623399	2.544066	1.76309	1.514384	1.510875	1.216664	0.9793	0.604858	0.313019	0.175348	0.07704	0.049197	0.024538	0.021025	0.010528	0	0	0	0	0	0	0	0	0	0	0	0	0	0	0	0	0	0	0	0
30000	64.4	120.1	117	85.3	236.5	269.5	390	545	901.5	1175	1535	1945	2520	3095	3385	3255	2720	2250	1805	1360	1013.5	867	818.5	1015	1320	1455	1500	1285	959.5	695	436	224.5	135.5	56.85	26.85	16.6	9.565	7.805	8.85	4.96	5.566693	5.097156	5.108696	4.272647	3.850009	3.129848	3.246402	2.646082	2.587184	1.996249	1.543726	1.501088	1.24654	0.896922	0.596783	0.273523	0.170017	0.074274	0.060337	0.021243	0.024775	0	0.003547	0.003547	0	0	0	0	0.003546	0	0	0	0	0	0	0	0	0	0	0	0	0
30600	147.5	56.2	111.85	137.9	199.5	236	326	470.5	805.5	1065	1495	1935	2670	3325	3685	3315	2735	2315	1875	1395	1040	874	785.5	908	1190	1375	1370	1190	867	604.5	387	217	103.5	49.4	27.2	15.65	12.9	9.015	5.725	3.515	5.250766	4.573121	4.61511	3.657023	3.314878	2.617902	2.638097	2.40062	2.086607	1.681619	1.385361	1.29625	1.181542	0.858995	0.502513	0.235672	0.122606	0.064614	0.040951	0.034043	0.013612	0	0	0.003411	0	0	0	0	0	0	0	0	0	0	0	0	0	0	0	0	0	0
31200	44.65	68.6	82.35	81.85	153	237.5	290.5	487.5	751	1055	1310	2015	2555	3320	3770	3525	2915	2325	1890	1405	1145	998.5	965	938	1140	1335	1355	1255	941.5	641	439	223	115.95	60.9	31.65	17.1	12.795	7.395	5.99	5.615	5.33605	4.793463	4.70824	3.915234	3.654851	2.866789	2.983398	2.534457	2.264742	1.83861	1.643455	1.391737	1.385566	0.867347	0.599966	0.334528	0.144431	0.058374	0.04135	0.027499	0.020617	0.006883	0.003443	0	0	0	0	0	0	0	0	0	0	0	0	0	0	0	0	0	0	0
31800	180.5	122.5	69.2	108.25	154	250	275	460	778.5	1026.5	1310	1825	2475	3215	3745	3620	3010	2275	1875	1435	1110	1035	965.5	984	1105	1270	1405	1225	905.5	681.5	438.5	229.5	119	60.35	28.1	16.2	8.075	6.72	7.745	4.905	5.608298	4.874927	4.98106	4.035788	3.761372	3.128663	2.868291	2.562152	2.39111	1.914391	1.615049	1.451856	1.217764	0.813929	0.572924	0.289976	0.159028	0.054135	0.039838	0.018064	0.003611	0.003617	0	0.007239	0	0	0	0	0	0	0	0	0	0	0	0	0	0	0	0	0	0
32400	216.5	208.5	150.5	126	148	193	260.5	401.5	640	912.5	1280	1700	2415	3395	3945	3905	3145	2470	1900	1510	1140	978	940.5	976	1045	1205	1295	1120	856	594.5	375.5	223	109.5	47.1	18.3	18.7	7.715	8.43	3.785	9.035	4.858709	4.902361	4.615094	3.685292	3.727156	2.730706	2.653355	2.295855	2.14158	1.6616	1.415965	1.281922	1.114955	0.751129	0.545407	0.284875	0.168329	0.045522	0.014056	0.024538	0.007008	0	0	0	0.007009	0	0	0	0	0	0	0	0	0	0	0	0	0	0	0	0	0
33000	286.5	175.5	216.5	186	259	275.5	414	500	733.5	1069.5	1340	1730	2445	3370	4070	4090	3245	2445	1885	1445	1185	1040	934	947.5	1055	1165	1250	1210	919	662.5	433.5	218	107	48.75	23.35	16.55	10.805	9.475	4.595	2.765	5.483632	5.015018	4.959675	4.048678	3.677878	2.983167	3.056514	2.521275	2.306103	1.745596	1.598708	1.419305	1.143031	0.779227	0.597865	0.305984	0.129757	0.052527	0.021084	0.014022	0.021025	0.003509	0.003511	0.003512	0	0	0.003512	0	0	0	0	0	0	0	0	0	0	0	0	0	0	0
33600	318	372.5	246.5	301.5	317	323	362	484.5	678	880	1325	1840	2505	3335	4185	4165	3480	2655	2015	1510	1155	992.5	882.5	863.5	1031	1210	1290	1155	900	657	427.5	226.5	103.75	56.6	22.4	15.6	15.15	7.93	5.46	3.515	5.217528	4.837723	4.490841	3.760954	3.543619	2.995224	2.72591	2.222789	2.113515	1.713547	1.337858	1.337425	1.108398	0.836631	0.614422	0.269963	0.1098	0.045978	0.046138	0.021243	0.017696	0	0.003546	0.007094	0	0	0	0	0	0	0	0	0	0	0	0	0	0	0	0	0	0
34200	417.5	379	373.5	381.5	274	322.5	354	453.5	565.5	806	1190	1635	2390	3220	4010	4405	3685	2815	2205	1610	1165	1002	899	819.5	952	1110	1280	1190	900.5	645	399	220	92.3	46.9	19.3	13.6	10.75	8.41	9.83	4.25	4.827518	4.479718	4.357838	3.664856	3.492333	2.958769	2.488905	2.144737	2.210716	1.615104	1.52085	1.397367	1.033441	0.784964	0.526064	0.279093	0.112039	0.028871	0.036215	0.025289	0.010834	0.018084	0.003619	0	0.003612	0	0	0	0	0	0	0.003617	0	0	0	0	0	0	0	0	0	0
34800	851.5	563	477.5	425	430	353	285	333	464	646	981	1510	2175	3075	4000	4455	4065	3065	2375	1770	1215	947.5	760.5	762.5	825.5	1011.5	1175	1135	906.5	607	389.5	208.5	91.2	42.15	16.2	12.75	10.3	6.22	8.595	3.55	4.508043	4.165311	3.994603	3.164499	2.982152	2.560491	2.242021	2.072742	1.952733	1.552368	1.240213	1.214366	0.922832	0.644534	0.47794	0.272681	0.096595	0.057158	0.028679	0.021457	0.00715	0.00716	0.003582	0	0.003575	0	0	0	0	0	0	0	0	0	0	0	0	0	0	0	0	0
35400	944	821	820	613.5	514.5	478	354.5	390.5	449.5	617	941.5	1495	2240	3030	3875	4340	4050	3170	2455	1825	1215	892.5	746	707.5	797	958	1090	1050	817.5	560.5	354.5	182	90.25	37.9	24.35	10.205	9.02	8.195	6.805	6.31	4.277518	4.079072	3.842721	3.255189	3.047294	2.178942	2.218895	2.075138	1.898253	1.529733	1.262119	1.246731	0.952806	0.613965	0.509634	0.227036	0.153356	0.094796	0.021952	0.029198	0.007297	0.007308	0	0.003657	0	0	0	0	0.003656	0	0	0	0	0	0	0	0	0	0	0	0	0
36000	1111.5	1150	953	867	648	632.5	548.5	534.5	494	621.5	954	1510	2115	2775	3605	4100	3935	3255	2500	1965	1355	948	754.5	760.5	761.5	970.5	1065	1000	800	549	368.5	196	87.45	39.75	16.3	10.795	8.95	7.26	6.125	4.205	4.240727	3.66783	3.542898	3.02496	2.760875	2.208312	2.260693	2.028157	1.72859	1.315234	1.198075	1.024791	0.872995	0.505412	0.402047	0.228594	0.119228	0.06653	0.028111	0.017526	0.014016	0.003509	0.003511	0.003512	0	0	0.003512	0.003505	0	0	0	0	0	0	0	0	0	0	0	0	0	0
36600	1920	2065	1875	1495	1112	930	817	688	647	739	1060	1700	2460	3160	3580	3875	3720	3025	2395	1825	1305	884.5	708	679	753.5	893.5	1035.5	938.5	760.5	541	347	187	87.3	41.05	18	11.35	7.75	7.94	4.065	8.365	3.867081	3.526848	3.19132	2.624746	2.446551	2.134764	1.95758	1.625204	1.745841	1.197643	1.057447	0.938986	0.725903	0.506911	0.349564	0.191804	0.116877	0.08134	0.039038	0.035402	0.024772	0.021266	0.007092	0.007093	0	0.003542	0	0	0	0	0	0	0.003543	0	0	0	0	0	0	0	0	0
37200	1915	2115	1950	1830	1700	1375	1335	1197.5	1005.5	800.5	966	1480	2105	3000	3555	3885	3910	3200	2600	1985	1435	978.5	720.5	665	754	916.5	1025	993	775.5	558.5	352	197	90.6	41.65	15.8	15.3	8.55	4.355	6.67	4.945	3.989217	3.533634	3.397763	3.067139	2.794495	2.265059	1.997556	1.945074	1.745431	1.222101	1.093525	0.932755	0.85274	0.575138	0.385527	0.20297	0.119263	0.090219	0.061563	0.025288	0.025278	0.014467	0.010856	0.003619	0.007223	0.003614	0.003619	0.007226	0	0	0	0	0	0	0	0	0	0	0	0	0	0
37800	2640	2190	2115	1995	1870	1580	1620	1600	1350	1035	987.5	1335	2005	2750	3405	3825	3810	3190	2565	2035	1515	1070	785.5	684.5	771	904.5	1039.5	1009.5	787	545.5	369.5	200.5	92.85	42.3	17.45	12.55	4.63	5.14	4.471	6.285	3.916476	3.636991	3.461148	2.931704	2.606834	2.269318	2.14168	1.831487	1.64337	1.240051	1.071653	1.031473	0.75424	0.496282	0.370754	0.184702	0.116878	0.049512	0.053234	0.014161	0.028312	0.003544	0.003546	0	0.003539	0	0	0	0.003546	0	0	0	0	0	0	0	0	0	0	0	0	0
38400	2505	2765	2460	2345	2005	1890	1795	1825	1710	1410	1145	1310	1805	2465	3245	3780	3970	3390	2760	2230	1625	1185	855	723	732.5	942.5	1035	1009.5	799	548	383.5	179.5	84.8	38.15	14.35	8.555	7.35	4.355	5.055	4.2	3.877713	3.885628	3.738053	3.023441	2.621089	2.329511	2.042568	1.842162	1.600967	1.264786	1.057463	0.942556	0.775489	0.60263	0.469623	0.230879	0.123962	0.084878	0.042587	0.017701	0.021234	0.007089	0.007093	0.003547	0	0.003542	0	0	0	0.003538	0.003544	0	0	0	0	0	0	0	0	0	0	0
39000	2655	2640	2495	2405	2450	2260	1990	2020	2210	1870	1445	1270	1735	2355	3000	3705	3940	3600	2860	2390	1895	1300	899.5	793.5	710	858	1050	1010	862.5	590.5	386	189	73.45	44.5	16.3	9.695	8.675	7.8	8.58	7.695	4.159041	3.695289	3.682603	3.160907	2.863415	2.270805	2.159758	1.990101	1.977704	1.35251	1.240201	1.081422	0.79048	0.612301	0.356669	0.226036	0.14668	0.057157	0.046603	0.01788	0.007149	0.00716	0.003582	0.003583	0.003575	0	0	0	0	0	0	0	0	0	0	0	0	0	0	0	0	0
39600	2670	3250	2715	2680	2560	2515	2375	2190	2290	2130	1590	1405	1735	2305	3060	3705	3990	3600	3030	2460	2005	1325	1016	811	769	939.5	1025	1019.5	854	619	382.5	189.5	88.6	38.5	16.15	12.14	9.205	8.155	8.47	3.54	4.022876	3.656232	3.442025	2.939952	2.824575	2.165829	2.228109	1.809531	1.794794	1.347362	1.078477	1.014741	0.739455	0.604716	0.425798	0.309928	0.152782	0.079746	0.031314	0.03818	0.006939	0.00695	0.017384	0.003477	0.00694	0	0.003477	0	0	0.003469	0	0	0	0	0	0	0	0	0	0	0	0
40200	2860	3290	3370	3355	3445	2920	2715	2420	2485	2510	1955	1520	1670	2200	2980	3675	4135	3765	3125	2480	2005	1390	1035	834	752.5	965	1040	1065	818	593.5	369	192	90.85	41	17.85	11.3	7.355	7.135	5.45	3.51	4.020154	3.849544	3.661075	3.068242	2.859807	2.192124	2.238416	1.946987	1.688538	1.406035	1.053809	0.919744	0.718941	0.66959	0.349534	0.26909	0.110904	0.082163	0.050187	0.01788	0.010724	0.01074	0.003582	0	0	0	0	0	0	0	0	0	0	0	0	0	0	0	0	0	0	0
40800	3825	5415	4280	4325	4170	4235	3930	3500	3230	3245	2290	1665	1645	2080	2885	3705	4150	3835	3120	2570	2010	1465	1015.5	797	710.5	844.5	1055	1012.5	858.5	627	370	185.5	88.2	37.7	14.45	13.35	9.75	5.94	6.66	4.215	3.994	3.646956	3.568199	3.207869	2.78659	2.244612	2.061943	2.038451	1.839937	1.325754	1.243813	0.946038	0.810423	0.55914	0.422263	0.238019	0.094934	0.083857	0.047563	0.036498	0.007297	0.014616	0.003656	0.003656	0.003649	0.007303	0.007313	0.00365	0	0	0	0	0	0	0	0	0	0	0	0	0	0
41400	3950	4715	5060	5105	5015	4990	4875	4220	3875	3795	2840	1750	1645	2080	2880	3785	4235	4000	3150	2645	2115	1445	1065	863	765	871.5	1065	1050	854.5	590.5	367.5	179	89.05	36.25	17.2	10.69	7.91	8.595	4.465	4.225	3.941152	3.47361	3.358201	2.614191	2.667375	2.106465	2.16646	1.852824	1.784736	1.399032	1.085847	1.038587	0.736535	0.591993	0.399002	0.188254	0.127503	0.081341	0.060332	0.021242	0.021234	0	0	0.007094	0	0	0.003547	0.003541	0	0	0	0	0	0	0	0	0	0	0	0	0	0
42000	4405	4865	5230	5245	5345	5345	5295	4775	4305	4445	3075	1960	1700	2200	3100	3690	3990	3645	3035	2555	2040	1445	1001	821.5	792.5	861	1020	984.5	797.5	581.5	368	196	79.7	34.8	12.25	18.75	8.44	6.89	2.96	3.49	3.724086	3.252804	3.367092	2.714027	2.616256	2.092597	1.798003	1.890796	1.742552	1.203275	0.962657	0.926167	0.680151	0.487853	0.412527	0.172321	0.140266	0.080535	0.024596	0.010516	0.021023	0.007018	0	0.003512	0	0	0	0	0	0	0	0	0	0	0	0	0	0	0	0	0	0
42600	4680	7130	5400	5950	6485	7020	6780	6125	5770	5600	3835	2085	1690	2125	2960	3800	4100	3785	3040	2465	1885	1365	1007.5	871	785.5	877.5	999.5	1030	783.5	560	368	195.5	87.1	32.1	16.65	11.74	8.33	5.12	5.31	4.92	3.483494	3.173949	2.978663	2.60423	2.330982	1.937483	1.744225	1.716703	1.410429	1.098406	0.861316	0.779258	0.566561	0.46083	0.337046	0.161452	0.112691	0.067516	0.029037	0.009655	0.02252	0.006444	0.006448	0	0	0	0	0	0	0	0	0	0	0	0	0	0	0	0	0	0	0
43200	4865	5635	6665	7110	7440	7645	7365	7120	6725	6200	4295	2515	1860	2300	3130	3785	4020	3550	2820	2365	1905	1385	1070	790.5	807.5	890.5	966	998	767.5	539.5	352	161	79.4	42.7	12.66	9.84	5.82	6.045	3.215	4.855	3.701365	3.381057	3.198321	2.784236	2.492824	2.082474	2.044116	1.70489	1.628439	1.139513	0.873196	0.749703	0.617932	0.455263	0.380785	0.222864	0.104167	0.062409	0.038272	0.031237	0.013878	0.010424	0.003477	0	0	0	0	0.003471	0	0	0	0	0	0	0	0	0	0	0	0	0	0
43800	5230	6775	6815	7640	7440	7440	6990	6890	6830	5760	3745	2290	2105	2640	3220	3700	3550	3045	2350	2115	1875	1405	1080	864	811	871	964	904.5	692.5	477.5	279.5	140.5	66.85	32.05	13.52	10.445	8.81	3.83	6.435	4.9	3.521649	3.168889	3.136218	2.654423	2.420191	1.990055	1.914272	1.729751	1.543989	1.03926	0.947391	0.752776	0.563797	0.426748	0.370228	0.203456	0.106593	0.061802	0.065464	0.024059	0.006872	0.010323	0	0.006887	0.003436	0	0	0	0	0	0.00344	0	0	0	0	0	0	0	0	0	0	0
44400	4385	5575	6645	7735	8740	8575	8480	8170	8510	7945	5535	2795	1875	2085	2665	3230	3320	2815	2490	2805	2830	2045	1210	917.5	843.5	858.5	945.5	918	709	488	283.5	157.5	75.15	36.6	16.15	12.7	4.94	4.99	4.64	5.6	3.444497	2.99014	2.904061	2.503067	2.116333	1.915061	1.800269	1.601971	1.400144	1.093485	0.844859	0.653754	0.630621	0.421995	0.369901	0.172519	0.087698	0.050521	0.047318	0.020229	0.010111	0.003375	0	0	0	0	0	0	0	0	0	0	0	0	0	0	0	0	0	0	0	0
45000	4665	6515	7670	9360	10165	10395	10450	10500	9845	7875	4855	2745	2070	2340	3000	3480	3485	2960	2425	2375	2505	1855	1315	958	893	927	986	902	717.5	467	284.5	145.5	60	24.2	11.44	6.31	7.675	8.325	6.66	3.525	3.345286	3.448634	3.042159	2.65291	2.272001	2.00019	1.86904	1.639393	1.399469	1.116362	0.826777	0.832264	0.552383	0.471452	0.335433	0.213111	0.099166	0.074265	0.021293	0.028321	0.017694	0.003544	0.010638	0	0	0	0	0	0	0	0	0	0	0	0	0	0	0	0	0	0	0
45600	5800	6005	7825	8940	10535	11360	12300	12850	11410	8240	4970	2890	2290	2450	2955	3305	3270	2620	2245	2575	2800	2175	1320	1046.5	904.5	937	996.5	915	697	467.5	276	135	58.5	29.85	10.6	8.865	7.35	6.87	4.915	5.56	3.535646	3.207129	3.074114	2.444775	2.531969	1.982494	1.745149	1.660733	1.632717	1.088102	0.965167	0.853606	0.637366	0.471453	0.324841	0.206008	0.131041	0.06012	0.046135	0.024781	0.014155	0.021265	0.003546	0.007093	0	0.003542	0	0	0	0	0	0	0	0	0	0	0	0	0	0	0	0
46200	6085	8395	10095	12400	15350	18300	20150	20200	16550	10900	5870	2910	2065	2300	2965	3640	3615	3025	2470	2385	2620	2130	1495	1065	983.5	932.5	967	926.5	722	516	295	142	67.85	31.6	12.35	5.85	7.585	5.42	3.67	4.865	3.573938	3.182413	3.170208	2.626653	2.383498	2.001424	1.843532	1.74288	1.669039	1.091322	1.018851	0.852199	0.736232	0.428179	0.314633	0.207485	0.140263	0.080533	0.035137	0.031546	0.010511	0.021055	0	0.003512	0	0	0	0	0	0	0	0	0	0	0	0	0	0	0	0	0	0
46800	5135	6665	8610	11800	15650	19600	22150	22000	17550	10850	5305	2775	2045	2175	2655	3105	3120	2650	2185	2545	3135	2620	1770	1250	953.5	933.5	967.5	925	718	506.5	297	155.5	76.95	37.1	13.045	12.75	10.8	7.91	2.985	3.485	3.735179	3.433276	3.2773	2.711804	2.517995	2.184907	1.955874	1.785284	1.699198	1.241842	1.025103	0.822716	0.650962	0.526347	0.406589	0.186564	0.096591	0.089305	0.035847	0.028608	0	0.00716	0.003582	0.003583	0	0.003578	0	0	0	0	0	0	0	0	0	0	0	0	0	0	0	0
47400	4475	5740	8515	11450	15950	20300	22600	22950	18900	12300	6255	3130	2150	2175	2665	3120	3305	2735	2165	2450	3055	2695	1870	1335	1020	980.5	997	942.5	751	513.5	317	157.5	70.3	31.35	17.55	8.49	7.425	4.875	6.705	4.905	3.610574	3.379481	3.262976	2.808033	2.579161	2.29935	1.891523	1.684714	1.80987	1.224006	1.014356	0.966427	0.740384	0.554995	0.406591	0.25832	0.114479	0.082161	0.021508	0.021456	0.010724	0.01074	0.003582	0.003583	0	0.003578	0	0	0	0	0	0	0	0	0	0	0	0	0	0	0	0
48000	3635	5555	8655	12850	18100	23050	25850	26600	22200	14450	7415	3520	2310	2315	2715	3325	3380	2765	2150	2250	2920	2805	1985	1450	1095	966.5	982.5	933	766.5	595.5	351	180	78.6	40.65	18.5	10.525	6.86	5.545	2.95	2.76	3.685361	3.555283	3.227129	2.604923	2.521614	2.192078	2.177583	1.738602	1.820585	1.34534	1.157732	0.887391	0.808345	0.630189	0.392326	0.240382	0.132367	0.075017	0.06094	0.01788	0.017873	0.00358	0.007164	0	0	0.003578	0.003582	0	0	0	0	0	0	0	0	0	0	0	0	0	0	0
48600	3185	4685	7110	10800	14950	19200	22950	24200	21500	14800	7750	3740	2195	2050	2400	2870	2875	2470	2055	2585	3405	3030	2060	1435	1070	946.5	963.5	891	706.5	528	316	171	84.7	37.45	13.25	12.6	9.255	5.155	3.4	1.4003	3.490873	3.179257	3.139687	2.743495	2.478985	2.096619	1.831803	1.615827	1.722419	1.258784	0.961178	0.770047	0.666936	0.547205	0.342806	0.251735	0.106594	0.048069	0.062019	0.044682	0.027486	0.010323	0.006886	0.003443	0	0	0	0	0	0	0	0	0	0	0	0	0	0	0	0	0	0
49200	3325	4800	8345	12200	16050	19750	22450	24500	24700	18800	10800	5000	2605	2170	2445	2845	2910	2460	2145	2800	3520	3015	2160	1445	1095	990	910.5	867.5	689.5	540	304.5	143.5	60.8	30.35	12.73	9.535	6.785	6.99	8.045	6.32	3.826722	3.405198	3.074057	2.684063	2.496482	2.116813	2.145822	1.829423	1.716013	1.234666	1.079161	0.861678	0.682635	0.55547	0.35673	0.256321	0.160653	0.058334	0.043903	0.043796	0.014593	0.014615	0.010968	0.003656	0.003649	0	0	0	0	0	0	0	0.003653	0	0	0	0	0	0	0	0	0
49800	4220	5945	9545	13800	18100	21350	23650	26150	25800	21000	12950	6395	3120	2175	2265	2615	2685	2280	2035	2860	3650	3230	2350	1530	1125	988.5	910	884	692	491	294	144	71	37.05	15.25	8.99	6.795	5.395	5.315	2.79	3.510682	3.348687	3.10425	2.858248	2.463726	2.10965	1.896351	1.701883	1.510973	1.164382	1.082626	1.012568	0.820193	0.495543	0.313455	0.202963	0.10119	0.086607	0.047076	0.021674	0.007222	0.01085	0.003619	0	0.003611	0	0	0	0	0	0	0	0	0	0	0	0	0	0	0	0	0
50400	3065	5190	7780	11750	15400	18200	21150	24750	26850	23750	16750	8670	4015	2345	2280	2620	2720	2325	2195	2815	3500	3270	2480	1695	1185	1025	946.5	872.5	706	493	282	145.5	74.05	26.6	10.95	12.165	5.905	6.845	4.865	8.335	3.138339	2.99303	2.960451	2.476319	2.392531	1.859447	1.800859	1.719393	1.519971	1.0324	0.89227	0.825291	0.625677	0.502461	0.359944	0.227595	0.134101	0.096137	0.041346	0.030933	0.013743	0.010323	0.006886	0.003443	0.003436	0	0	0	0	0	0	0	0	0	0	0	0	0	0	0	0	0
51000	2470	3525	5825	8940	12500	15050	18250	21400	23650	21050	14300	7395	3405	2055	1985	2345	2355	2160	2095	2975	3900	3525	2650	1705	1140	970.5	927.5	844.5	680.5	503.5	295.5	159.5	64.6	30.8	16.5	9.775	8.39	4.22	1.602	3.475	3.19369	2.851944	2.818508	2.448284	2.236378	1.840873	1.66726	1.539812	1.477209	1.07043	0.947418	0.761126	0.626738	0.467905	0.381332	0.230869	0.106248	0.056583	0.035488	0.021241	0.017694	0.010632	0	0	0	0	0	0	0.003546	0	0	0	0	0	0	0	0	0	0	0	0	0
51600	4070	6430	9430	12400	15450	16950	20200	23150	27550	25200	17700	9895	4745	2680	2495	2925	3065	2545	2175	2520	3190	3145	2390	1645	1160	988	940.5	865.5	692	504	294	161	77.8	31.55	11.9	10.5	6.375	5.005	3.53	4.225	3.352342	3.281713	3.191256	2.769333	2.485674	2.024975	1.815946	1.763862	1.466618	1.063372	0.990006	0.89273	0.743593	0.450184	0.455483	0.223767	0.123957	0.06012	0.024842	0.035402	0.03185	0.021265	0	0	0	0	0	0	0	0	0	0	0	0	0	0	0	0	0	0	0	0
52200	2625	6315	7555	9930	12550	15100	17850	21750	26500	25550	18800	10505	4840	2525	2100	2255	2375	2175	2140	2840	3540	3450	3025	1910	1265	1020	918	835	649.5	470	292	145.5	72.2	37.5	15.8	8.51	6.49	6.225	4.74	2.09	3.085286	2.813157	2.910098	2.27385	2.178976	1.829656	1.682295	1.661882	1.595545	1.066827	0.895878	0.876841	0.620533	0.512407	0.37406	0.207483	0.168314	0.094538	0.049191	0.02103	0.007008	0.003509	0	0.007023	0	0.003507	0	0	0	0	0	0	0	0	0	0	0	0	0	0	0	0
52800	2440	4210	6495	8640	10440	12500	15900	19450	24200	23250	17550	9900	4585	2325	1940	2015	2120	1920	1990	3045	3870	3685	3275	2025	1295	1035	915.5	834	651	449	292	144	57.8	32.1	15.7	6.625	5.975	5.005	5.725	1.42245	3.232448	3.015301	2.70845	2.529409	1.99065	1.823162	1.699109	1.458012	1.399453	1.024498	0.819672	0.793132	0.626735	0.513983	0.314244	0.202453	0.109789	0.063655	0.024841	0.021241	0.014155	0.014177	0.003546	0.003547	0	0	0	0	0	0	0	0	0	0	0	0	0	0	0	0	0	0
53400	2065	3730	5900	7780	9755	11500	15150	18950	24500	24650	18950	11300	5475	2685	1895	1935	1970	1790	2095	3125	3925	3885	3300	2145	1315	1035	931.5	844.5	659.5	480.5	296.5	137.5	68	31.8	8.54	11.34	6.635	4.36	2.5915	2.1141	3.051669	2.763481	2.653856	2.17714	2.194314	1.786921	1.729453	1.720491	1.376569	1.049734	0.922576	0.721492	0.522701	0.435494	0.272379	0.202961	0.080951	0.053888	0.043937	0.016858	0.013481	0.003375	0.006754	0	0	0	0	0	0	0	0	0	0	0	0	0	0	0	0	0	0	0
54000	2440	3875	5680	6995	8685	10900	14750	19350	25950	27050	22000	14400	7340	3415	2285	2350	2365	2205	2220	2960	3770	3810	3005	2035	1275	1024	904.5	787.5	609.5	441.5	264	130.5	57.45	29.1	12.01	8.42	6.095	3.835	3.4	2.815	3.104087	2.81025	3.101724	2.34272	2.070972	1.691015	1.732108	1.605442	1.396439	0.922635	0.909486	0.773487	0.591294	0.523105	0.366796	0.234489	0.116907	0.085835	0.034454	0.048118	0.017179	0.006882	0	0.003443	0	0	0	0	0	0	0	0	0	0	0	0	0.003439	0	0	0	0	0
54600	2545	3880	4555	5355	6970	10080	14150	20200	26050	27950	23950	16100	8390	4015	2495	2480	2535	2335	2310	2980	3815	3715	3035	1990	1225	1000.5	873.5	780	616.5	407.5	254	132	63	24.9	12.2	6.83	2.79	4.49	5.415	2.1	3.242331	2.816663	2.896029	2.375135	2.274166	1.906762	1.759394	1.693565	1.651523	1.038841	0.948574	0.838102	0.634554	0.529953	0.363571	0.186382	0.10169	0.080532	0.035136	0.010515	0.010511	0.017545	0.003511	0.003511	0	0	0	0	0	0	0	0	0	0	0	0	0	0	0	0	0	0
55200	3320	4410	4715	5155	6600	9510	13150	18400	25700	28650	25800	18500	10305	4860	2955	2700	2865	2620	2560	3110	3770	3580	2750	1775	1200	949	875	789	605.5	423	261.5	124.5	58.4	23.9	15.4	9.99	6.14	3.965	2.725	3.49	3.340067	2.932717	2.899555	2.588208	2.221287	1.864708	1.696314	1.630194	1.623537	1.185752	0.923985	0.852191	0.683638	0.473801	0.304143	0.211	0.09117	0.063025	0.031623	0.00701	0.02803	0.007018	0.010533	0.003512	0	0	0	0	0	0	0	0	0	0	0	0	0	0	0	0	0	0
55800	2790	3990	4280	4700	6255	8990	12950	18400	25800	29150	28250	21500	12150	5775	3140	2935	3090	2955	2665	3100	3735	3570	2695	1785	1155	954.5	826	730.5	589	407.5	261	134	58.5	29.45	14.05	7.28	6.35	6.2	4.51	4.185	3.169072	2.830833	2.815435	2.358766	2.08429	1.870714	1.485335	1.554937	1.54525	1.028656	0.932316	0.79153	0.687348	0.531708	0.328852	0.215895	0.152775	0.052006	0.055667	0.027766	0.006939	0.013899	0.003477	0	0	0.003472	0	0	0	0	0	0	0	0	0	0	0	0	0	0	0	0
56400	2545	3840	4025	4235	5710	7890	11800	17050	24400	29150	29600	23500	14150	6575	3415	2755	2930	2775	2710	3210	3790	3575	2700	1765	1150	896.5	834.5	726.5	585	391.5	243.5	117	58.25	24.7	12.1	6.695	5.89	4.88	3.13	2.81	3.317061	2.898109	2.99599	2.349502	2.254179	1.819629	1.730973	1.657161	1.593828	1.042166	0.890642	0.839371	0.647982	0.51753	0.278937	0.184695	0.148748	0.056583	0.053232	0.028321	0.014155	0.014177	0.003546	0.003547	0	0	0	0	0	0	0	0	0	0	0	0	0	0	0	0	0	0
57000	1995	2750	3045	3650	4895	7315	11250	15600	23000	27650	28850	23650	14300	6795	3390	2655	2810	2700	2620	3280	3830	3655	2740	1820	1170	864.5	831	727	561	380.5	232.5	124	54.45	24	11.55	12.95	7.84	5.655	4.775	3.505	3.103404	2.879574	2.930273	2.445226	2.07032	1.884593	1.72826	1.547961	1.493277	0.92475	0.894048	0.760146	0.628332	0.434401	0.360006	0.201966	0.124997	0.072808	0.04523	0.024295	0.048572	0.003475	0.003477	0.006954	0	0.003472	0	0	0	0	0	0	0	0	0	0	0	0	0	0	0	0
57600	1705	2135	2605	3145	4645	6435	10400	14500	22350	26950	28400	23450	14750	7095	3380	2620	2605	2590	2520	3220	3840	3860	2955	1910	1170	880.5	806	691.5	559	402.5	248.5	134.5	57.5	25.35	8.755	8.575	7.835	5.31	4.615	4.19	3.261527	2.837676	2.857709	2.277005	2.197797	1.694961	1.498157	1.663112	1.3529	1.049117	0.953395	0.837066	0.600874	0.451144	0.349515	0.222436	0.103743	0.096447	0.0466	0.028607	0.028596	0.0179	0	0.003582	0.003575	0	0.007165	0	0	0	0	0	0	0	0	0	0	0	0	0	0	0
58200	1615	2035	2495	3110	4430	7025	9815	14350	21100	25800	26350	21350	13150	6360	3200	2500	2515	2500	2555	3160	3825	3520	2745	1795	1080	844.5	791	669	555.5	378	227.5	119	60.15	32.05	11.65	10.94	8.17	3.575	3.135	2.81	3.092227	2.679498	2.618352	2.273821	2.055545	1.784067	1.559608	1.450608	1.518548	0.926904	0.89938	0.82753	0.652077	0.466775	0.31113	0.221547	0.126234	0.084033	0.056218	0.03505	0.007007	0.014036	0.003511	0.007023	0.003504	0	0	0	0	0	0	0	0	0	0	0	0	0	0	0	0	0
58800	1395	1800	1965	2665	3875	6230	9055	13050	19850	23850	25750	21550	13550	6665	3250	2470	2630	2575	2620	3160	3670	3395	2640	1735	1115	829.5	765.5	643	526	361	234.5	114	54.6	25.8	10.92	11.35	3.345	4.23	3.8	5.595	2.792063	2.679483	2.565619	2.127111	1.956812	1.626331	1.475486	1.362578	1.357588	0.891921	0.815059	0.721884	0.5469	0.417639	0.339095	0.210996	0.105195	0.070027	0.028109	0.02103	0.021022	0.021054	0.007022	0	0	0	0	0	0	0	0	0	0	0	0	0	0	0	0	0	0	0
59400	1440	1845	1685	2645	3855	5790	8515	12900	18550	23200	25500	22250	14750	7505	3655	2605	2670	2715	2645	3070	3470	3245	2500	1630	1100	806.5	722.5	615	489.5	352	228	124.5	48.65	20.45	11.25	9.78	4.49	3.03	2.587	2.805	2.65913	2.57228	2.439978	1.972781	2.001788	1.536321	1.49151	1.360285	1.248881	0.847162	0.730332	0.704413	0.608471	0.419853	0.34965	0.168967	0.082521	0.0412	0.05168	0.041243	0.006871	0.003441	0.006886	0.013773	0	0	0	0	0	0	0	0	0	0	0	0	0	0	0	0	0	0
60000	1036.5	1365	1550	2195	3300	5265	8005	11550	16650	22800	25300	22950	15500	8065	3905	2655	2710	2795	2630	3050	3465	3300	2565	1695	1105	851	731	648.5	518.5	322.5	210.5	107.9	54.5	22.7	8.895	8.78	5.03	4.75	4.375	4.185	2.778088	2.468487	2.372306	1.868635	1.974431	1.566738	1.50702	1.302716	1.221123	0.863935	0.836133	0.704273	0.490805	0.343936	0.25869	0.165279	0.087662	0.038515	0.066758	0.00701	0.010511	0.014036	0.007022	0	0.007008	0	0	0	0	0	0	0	0	0	0	0	0	0	0	0	0	0
60600	878.5	1350	1505	2370	3525	5450	7785	11500	16750	20750	22750	19550	12650	6425	3275	2475	2520	2535	2405	2815	3010	2850	2250	1545	1055	814.5	674	541	444	333	189	109.5	46.85	24.7	10.045	10.145	6.725	4.9	1.475	3.47	2.138916	2.092971	2.195267	1.979609	1.621465	1.398827	1.244056	1.160027	1.104767	0.902029	0.699319	0.573192	0.501897	0.347579	0.250237	0.15862	0.079082	0.058366	0.017227	0.024058	0.003436	0	0.006885	0	0	0	0	0	0.003442	0	0	0	0	0	0	0	0	0	0	0	0	0
61200	778	891.5	1365	2125	3235	5365	7560	11150	17200	22000	24050	21000	13650	7160	3630	2640	2625	2560	2490	2800	2945	2740	2140	1560	1060	775.5	687.5	578	442.5	351	200.5	105.5	54.15	18.1	6.56	5.315	7.115	5.29	4.915	1.4141	2.348827	2.175294	1.996677	1.81811	1.61957	1.153914	1.245709	1.179647	0.978614	0.750691	0.638006	0.625817	0.439193	0.340829	0.230856	0.109284	0.078322	0.044204	0.037534	0.030635	0.006805	0.003408	0.00341	0	0	0	0	0	0	0	0	0	0	0	0	0	0	0	0	0	0	0
61800	558	909	1395	2400	3400	5645	7960	11250	17600	21400	23100	19900	13100	6835	3455	2530	2480	2415	2225	2455	2675	2665	2230	1680	1205	865	694.5	591.5	460	331.5	216	115	51.25	29.35	16.15	4.445	5.03	2.775	4.25	1.4141	2.407534	2.177073	1.984256	1.732092	1.527672	1.316893	1.111474	1.123709	0.961218	0.837242	0.649335	0.583276	0.470925	0.308383	0.257744	0.174035	0.077913	0.056581	0.024841	0.01416	0.007077	0.007088	0	0	0.003539	0	0	0	0	0	0	0	0	0	0	0	0	0	0	0	0	0
62400	786	1140	1405	2375	3700	5470	8260	11450	16750	20900	22100	18750	12550	6635	3555	2535	2525	2260	2055	2135	2525	2560	2365	1940	1410	1085	792	611.5	506	362.5	237.5	126	50.1	26.3	11.955	8.795	6.45	5.94	4.785	2.825	2.477862	2.26673	1.941898	1.871083	1.58502	1.395211	1.134811	1.258579	1.126011	0.796594	0.688793	0.505597	0.451284	0.330142	0.280387	0.205446	0.06597	0.055472	0.020875	0.020824	0.013877	0.006949	0.003477	0	0	0	0	0	0.003476	0	0	0	0	0	0	0	0	0	0	0	0	0
63000	916.5	1500	1815	2850	4135	6050	8630	12100	17350	20800	21900	18750	12650	6770	3445	2565	2510	2260	1905	2000	2485	2745	2575	2160	1575	1155	829	634.5	551.5	366.5	263	159.5	79.15	38.05	15.2	11.92	5.185	5.81	4.34	2.775	2.600128	2.299731	2.238783	1.83373	1.699442	1.384495	1.205632	1.154855	1.14766	0.790493	0.76588	0.542297	0.504835	0.34394	0.321618	0.147698	0.066624	0.059523	0.052704	0.01402	0.021022	0	0.007022	0.007023	0	0	0	0	0	0	0	0	0	0	0	0	0	0	0	0	0	0
63600	891.5	1225	1575	2565	4205	5880	8250	11500	16950	20550	22350	19950	14050	7930	3995	2690	2555	2450	2045	1925	2400	2740	2695	2220	1675	1145	875.5	652.5	532.5	366	256.5	139.5	76.9	37.3	16.7	10.005	7.575	7.15	4.92	2.78	2.273987	2.291125	2.189005	1.79847	1.68279	1.301515	1.259756	1.101702	1.098304	0.782747	0.647054	0.523036	0.423516	0.330145	0.266543	0.205448	0.100692	0.069341	0.031313	0.027766	0.003469	0.006949	0	0	0	0.003472	0	0	0	0	0	0	0	0	0	0	0	0	0	0	0	0
64200	676	1070	1475	2290	3590	5370	7320	10550	16150	20050	22400	21000	15550	9070	4595	2850	2565	2460	2140	1985	2340	2715	2695	2295	1750	1210	893	677.5	530	391	246	148	81.75	39.35	24.1	12.54	7.675	5.03	3.265	3.49	2.569748	2.251713	2.193742	1.936748	1.623861	1.447912	1.260175	1.209086	1.049592	0.897321	0.67419	0.583291	0.485101	0.400553	0.285998	0.188246	0.123956	0.024755	0.031939	0.024781	0	0.003544	0.003546	0	0.003539	0	0.003546	0	0	0	0	0	0	0	0	0	0	0	0	0	0	0
64800	844.5	928	1430	2265	3420	5005	6980	9750	14950	19100	22450	21650	17000	10275	5275	3065	2690	2555	2215	2060	2380	2820	2655	2265	1710	1195	920.5	680.5	553.5	387.5	260.5	139.5	75.3	36.9	18.65	14.5	7.82	6.46	5.59	3.5141	2.555652	2.148721	2.499025	1.841501	1.695086	1.462075	1.284956	1.113072	1.038992	0.872593	0.688385	0.597519	0.488643	0.343838	0.321307	0.191798	0.113331	0.081338	0.035488	0.038941	0.024772	0.003544	0	0.003547	0	0	0	0	0	0	0	0	0	0	0	0	0	0	0	0	0	0
65400	490.5	785.5	1160	1870	2850	4310	6235	9050	13850	18000	22050	22600	18500	11900	5975	3385	2800	2705	2315	2075	2390	2790	2770	2275	1750	1220	861.5	655.5	556	379	263	154.5	85.6	32.15	21.1	7.985	4.37	5.005	5.185	6.295	2.46055	2.33492	2.147427	1.9071	1.604263	1.419561	1.321302	1.200639	1.046202	0.755523	0.611305	0.549346	0.466276	0.400098	0.318126	0.225066	0.129742	0.070028	0.059732	0.031546	0.035038	0.031582	0.017555	0.010535	0.007008	0	0.003511	0	0.003511	0	0	0	0	0	0	0	0	0	0	0	0	0
66000	415	699	1049	1450	2485	3785	5415	7800	12600	17300	21550	23200	20100	13550	7035	3810	2850	2740	2415	2125	2440	2755	2710	2200	1595	1145	845.5	708.5	529	392.5	281.5	145	77.6	37	13.05	6.28	6.315	5.66	5.59	2.105	2.530958	2.297871	2.254075	1.855599	1.670146	1.30276	1.132735	1.198411	0.929432	0.69595	0.66709	0.494372	0.424903	0.421819	0.264811	0.163383	0.077915	0.077801	0.031939	0.035401	0.010616	0.017721	0	0	0.003539	0	0.003546	0.00354	0	0	0.003543	0	0	0	0	0	0	0	0	0	0	0
66600	466	525	858.5	1280	1985	3120	4710	6840	11000	16150	20650	23700	21800	15500	8510	4240	3030	2860	2490	2175	2415	2700	2765	2255	1680	1215	877.5	694.5	510	388.5	270	152	70.6	31.95	17.35	9.995	6.39	6.63	2.955	2.11745	2.467517	2.241296	2.119504	1.798134	1.507413	1.319812	1.285329	1.122079	0.974416	0.850605	0.654552	0.552489	0.378152	0.39921	0.284523	0.175866	0.099715	0.051501	0.04479	0.013748	0.010307	0.013764	0.013771	0.006887	0.006872	0	0	0	0	0	0	0	0	0	0	0	0	0	0	0	0	0
67200	538	543.5	793	1023.5	1625	2500	3915	6085	10350	14700	19700	23000	21850	16400	9280	4685	3020	2805	2465	2130	2270	2660	2795	2425	1795	1230	866	699	521.5	407.5	280	135	75.95	34.35	13.95	9.375	7.16	9.865	4.19	2.76	2.560109	2.435904	2.373677	1.867233	1.78775	1.416056	1.255031	1.160238	1.04235	0.663733	0.641576	0.585593	0.386279	0.347312	0.253223	0.190148	0.093012	0.057154	0.039431	0.025031	0.010724	0.01074	0.010746	0.007165	0.003575	0.003578	0.010747	0	0	0	0.003579	0	0	0	0	0	0	0	0	0	0	0
67800	280	516.5	602	930	1505	2360	3470	5445	9025	13350	17750	21400	20700	15900	9250	4800	3220	2835	2535	2135	2220	2620	2800	2475	1920	1370	971	736	569	427	278	162	89.7	41.6	18.25	16.45	5.28	3.03	2.01	5.58	2.748121	2.424541	2.325475	1.861105	1.733332	1.593078	1.293133	1.132172	1.060208	0.785869	0.648129	0.631495	0.404677	0.358094	0.270221	0.217461	0.097576	0.050521	0.036213	0.036124	0.018055	0.01085	0.003619	0	0	0	0	0	0	0	0	0	0	0	0	0	0	0	0	0	0	0
68400	217.5	342	498	698.5	1190	1855	2880	4625	7540	11350	15600	19700	20250	16850	10600	5425	3260	2830	2475	2100	2165	2555	2655	2485	1935	1440	1010	747.5	584.5	445	299	174.5	87.5	41.8	16.05	10.455	7.415	6.63	3.535	0.03155	2.531651	2.278079	2.065337	1.788858	1.604317	1.362433	1.240742	1.106369	1.138744	0.695857	0.641583	0.54608	0.418474	0.361638	0.271058	0.179387	0.071549	0.042866	0.039432	0.039335	0.028597	0.00716	0.003582	0.01433	0.003575	0.007155	0.014329	0.003576	0.007163	0	0.003579	0	0	0	0	0	0	0	0	0	0	0.003581
69000	290	275	401.5	633.5	1066	1535	2375	3660	6520	9750	13950	18600	21350	20750	15450	8900	4580	3165	2845	2360	2150	2505	2805	2650	2120	1540	1120	813	641.5	483.5	311	186.5	107.35	46.3	26.7	17.35	7.515	5.29	6.57	5.625	2.467545	1.998241	2.294806	1.917131	1.604308	1.433944	1.322974	1.11714	1.067343	0.674442	0.706096	0.474225	0.450662	0.332992	0.196159	0.15786	0.089435	0.046438	0.010754	0.014304	0.010724	0.01432	0	0.003582	0.003575	0	0	0.003576	0.007163	0	0	0.00358	0	0	0	0	0	0	0	0	0	0
69600	103.7	202	268	360	658	928.5	1565	2575	4560	7130	10950	16250	20500	22450	19650	12850	6650	3765	3035	2630	2255	2420	2805	2765	2260	1645	1115	798.5	608	455.5	321.5	195	102	46.1	28.6	14.35	10.85	7.67	2.685	4.9	2.470976	2.04823	1.992018	1.695408	1.462489	1.371387	1.24067	1.001255	0.775427	0.675692	0.609776	0.493794	0.364406	0.268438	0.198826	0.15173	0.092839	0.048068	0.013782	0.044682	0.013743	0.010323	0.006886	0.006887	0	0.006877	0	0	0	0	0	0	0.00344	0	0	0	0	0.00344	0	0	0	0
70200	107.8	121	87.85	191.5	227	418.5	779	1410	2630	4415	7455	11750	17450	22650	24000	19050	11090	5185	3370	2910	2420	2325	2860	2935	2455	1760	1245	865.5	648.5	512	353.5	208	110.4	47.1	21.3	18.75	7.005	5.29	4.65	7.02	2.50317	2.278084	2.054584	1.795988	1.615111	1.35886	1.165656	1.084819	1.020945	0.863578	0.666674	0.477821	0.379131	0.264963	0.196161	0.129159	0.103746	0.060727	0.017923	0.014304	0.010724	0.02506	0.003582	0.003582	0.003575	0.010733	0	0.003576	0	0	0	0.00358	0	0	0	0	0	0	0	0	0	0
70800	33.8	16.45	75.4	121.4	162.5	282.5	557.5	1143.5	2085	3620	6135	10025	15050	20250	22700	19550	12150	5950	3650	2930	2415	2330	2675	2840	2440	1750	1260	870.5	664	529.5	387	239.5	132	63.05	30	16.95	7.855	4.75	3.8	2.08	2.590922	2.340525	2.136966	1.633374	1.538408	1.217815	1.083194	0.924603	0.922377	0.685362	0.59968	0.462369	0.382419	0.340296	0.218914	0.145626	0.092082	0.053047	0.014195	0.014161	0.014155	0.010633	0.003546	0.01064	0.014156	0.003542	0	0	0	0	0	0.003544	0	0	0	0	0	0	0	0	0	0
71400	31.55	104.35	36.5	58.4	121.5	213	370	520.5	1180	2210	3940	7005	11600	18050	24150	24900	18400	9405	4640	3350	2715	2380	2720	2955	2645	1970	1395	961	720	545	375.5	204	99.05	55.1	22.55	13	7.51	3.705	3.805	5.6	2.528077	2.335467	2.097596	1.721142	1.528769	1.315938	1.244311	1.156652	1.081622	0.895688	0.670254	0.585596	0.464969	0.297186	0.181893	0.161448	0.08228	0.057155	0.014339	0.035759	0.007149	0.00358	0.007164	0.017912	0.010724	0.007155	0.003582	0	0.003582	0.007148	0	0	0	0	0	0	0	0	0	0	0	0
72000	36.685	36.7	68.4	124	138.5	245	372	482.5	877	1645	3295	6025	10030	15800	22050	24550	20300	11850	5960	3665	2895	2425	2710	2955	2700	1990	1400	948.5	734	541.5	372	227	123.5	60.4	21.5	16.3	11.95	4.635	3.675	3.5	2.45009	2.327897	2.017395	1.868686	1.494967	1.219776	1.054943	1.1091	1.081196	0.811492	0.625361	0.573999	0.417196	0.361494	0.216746	0.15825	0.087664	0.077031	0.031623	0.021031	0.017519	0.007018	0.003511	0.003512	0	0.01052	0.003511	0	0	0	0	0.003509	0	0	0	0	0	0	0	0	0	0
72600	14.635	75.7	149.5	259.5	280	317.5	429	677.5	1305	2390	4320	7795	12200	17950	22350	22850	17300	9760	5165	3510	2755	2425	2695	2940	2630	1965	1350	923	712.5	514.5	383.5	225.5	114.5	59.6	26.4	12.85	7.91	7.805	4.78	2.8191	2.5052	2.093056	1.988572	1.887212	1.538552	1.21672	1.020718	1.02197	1.03619	0.696271	0.554655	0.462716	0.35753	0.278763	0.205682	0.134488	0.065331	0.048068	0.003445	0.013748	0.020615	0	0	0	0.003436	0.003439	0	0	0	0	0	0	0	0	0	0	0	0	0	0	0	0
73200	55.85	79.3	80.3	195.5	313.5	445.5	533	809	1425	2325	4275	7085	11200	16700	21500	22200	16950	9890	5105	3460	2785	2450	2725	2895	2530	1860	1340	910	705	552.5	405	247.5	120	57.1	22.75	10.17	6.645	3.945	1.336	2.105	2.437348	2.23247	2.173832	1.656401	1.611	1.119373	1.065334	0.897515	1.023188	0.635907	0.513677	0.481003	0.33386	0.317342	0.174863	0.125161	0.070833	0.037049	0.01014	0.02023	0.013481	0	0.006755	0	0.003371	0.003373	0	0	0	0	0	0	0	0	0	0	0	0	0	0	0	0
73800	30.45	17.2	46.75	114.85	127.8	214	235.5	327	655	1142.5	2160	3840	6950	11650	17600	22350	22700	17150	9560	5155	3475	2655	2665	2960	2860	2200	1540	1026	783.5	541	425.5	239	122	60.15	27.4	14.85	9.925	4.635	4.79	1.4203	2.502488	2.299807	2.136931	1.529906	1.523202	1.139179	1.068982	1.084473	1.098711	0.801013	0.614832	0.524708	0.396168	0.284287	0.178294	0.123086	0.052599	0.031513	0.024596	0.010515	0.007008	0	0.014044	0	0	0.003507	0.010534	0.003505	0	0	0	0	0	0	0	0	0	0	0	0	0	0
74400	22.5	9.33	16.5	57.05	75.7	111	146.5	279	527.5	969	1900	3590	6415	10695	16400	21000	22200	17550	10305	5475	3565	2775	2700	2995	2850	2245	1610	1050	787.5	569.5	405	256	142	66.5	27.85	16.3	9.115	5.415	1.742	3.47745	2.391549	2.176277	2.01505	1.653251	1.626972	1.26337	0.98909	0.976217	0.970135	0.803549	0.667944	0.568381	0.40617	0.337104	0.166161	0.128843	0.072917	0.013869	0.034793	0.024296	0.006939	0.003475	0.017383	0.010431	0	0.003472	0.006954	0.003471	0	0	0	0	0	0.003472	0.003476	0	0	0	0	0	0	0
75000	30.45	7.1	39.3	46.05	47.35	50.3	92.1	171.5	314	579.5	1048.5	1940	3815	7160	12500	18250	23050	22150	15350	8000	4445	3040	2685	2950	3005	2535	1735	1155	803.5	624.5	443.5	275.5	141	72.55	27.85	13.385	10.255	5.7	4.785	0.7303	2.425293	2.226918	2.12281	1.654575	1.673765	1.281564	1.171714	1.184228	0.971873	0.77723	0.748728	0.444595	0.428459	0.287131	0.141238	0.145629	0.077918	0.031829	0.021293	0.014161	0	0.007089	0	0.003547	0.007078	0.003542	0	0	0	0.003538	0	0	0	0	0	0	0	0	0	0	0	0
75600	0	0.74	15.6	22.25	52.55	66.95	118.2	191.5	380.5	604	1280	2245	4400	7955	13200	18900	22300	20200	13200	7330	4505	3305	2825	3040	3010	2380	1690	1140	823	619.5	455	290	146.5	72.4	32.05	17.25	7.35	4.355	3.975	2.09	2.390047	2.216267	1.813977	1.453489	1.346138	1.207221	0.98056	0.906843	0.925932	0.73837	0.493239	0.430369	0.343476	0.2056	0.165955	0.078142	0.049584	0.021219	0.010647	0.00708	0.010617	0	0.003546	0	0	0	0	0	0	0	0	0	0	0	0	0	0	0	0	0	0	0
76200	20.3	0	10.95	8.3295	25.95	47.1	70.95	188	329	596	1012	1860	3230	5645	9360	13750	18250	20850	19050	13900	9060	5925	4155	3555	3280	2770	2000	1285	889	669	471	318	192.5	89.35	35.65	15.85	9.07	4.895	1.742	2.79	2.28282	1.98278	1.79908	1.394049	1.365727	1.148017	1.031062	0.904612	0.864664	0.589964	0.554673	0.40748	0.354104	0.244356	0.140554	0.062073	0.055018	0.013734	0.010337	0	0.006872	0	0	0	0	0	0	0	0	0	0	0	0	0	0	0	0	0	0	0	0	0
76800	0	14.2	6.845	12.74	20.045	40.7	86.2	160.5	365	557	822.5	1415	2355	4040	6840	10550	15200	19200	20800	19100	15100	10100	6310	4420	3755	3155	2385	1645	1065	694	517	361.5	199.5	99.3	41.05	21	10.965	8.035	3.075	2.755	2.474867	2.189077	2.035794	1.641595	1.417258	1.181318	1.098132	1.026987	0.905187	0.767881	0.593845	0.508124	0.357723	0.278531	0.198171	0.126858	0.057826	0.010826	0.02535	0.003613	0.010834	0.003617	0.003619	0	0.003611	0	0	0	0	0	0	0	0	0	0	0	0	0	0	0	0	0
77400	0	7.1	5.745	11.845	13.925	29.7	75.4	129.5	304.5	596.5	941	1535	2660	4475	7300	11000	15250	18800	20000	18700	15300	10265	6265	4365	3630	3120	2335	1565	1075	741	549	345	198.5	93.15	41.8	17.35	4.725	5.68	6.665	2.1603	2.439731	2.194372	1.999914	1.669669	1.565557	1.219832	1.093546	1.052813	0.969272	0.738071	0.664037	0.45429	0.413709	0.270255	0.188788	0.091438	0.045587	0.031514	0.003514	0.010516	0	0	0	0	0	0	0	0	0	0	0	0	0	0	0	0	0	0	0	0	0	0
78000	20.3	73.2	43.4	120.5	209.4	180.2	204.1	252.5	483.5	766.5	1213.5	2005	3100	5035	8140	12500	17450	20500	19150	14000	9065	5700	4000	3385	3235	2810	2020	1280	957	669	496	337.5	201	89	37.7	14.6	7.815	6.07	4.34	2.09	2.390104	2.180802	2.073166	1.672257	1.627512	1.139984	1.100944	1.024223	0.993103	0.625333	0.574868	0.505073	0.332861	0.241054	0.183614	0.046176	0.049585	0.028293	0.021294	0	0.003539	0.003544	0	0	0	0	0	0	0	0	0	0	0	0	0	0	0	0	0	0	0	0
78600	79.1	186	286.5	424.5	530.5	644.5	799	914	1194	1695	2670	3960	5875	7815	10225	12300	13950	14250	13950	12670	11075	8700	5760	4265	3495	3000	2310	1545	1075	776.5	552	343.5	219.5	98.7	45.1	18.75	11.66	8.855	9.15	4.965	2.390793	2.021335	1.739507	1.56196	1.311231	1.033152	1.058807	0.953763	0.845006	0.568496	0.525844	0.436531	0.315484	0.193363	0.163715	0.093646	0.057958	0.025721	0.012906	0.003219	0	0	0	0	0	0	0	0	0	0	0	0	0	0	0	0	0	0	0	0	0	0
79200	22.5	10.09	37.3	43.65	53.85	78.15	107.95	123.2	278.5	548.5	977	1665	2595	4070	6145	9695	14850	20300	21850	18450	12835	7955	5005	3780	3540	3110	2410	1580	1095	745	539.5	344.5	178	95.35	37.8	19.2	9.88	5.025	5.46	4.935	2.43659	2.395756	2.220487	1.853941	1.606098	1.256486	1.131433	0.969289	0.835048	0.6304	0.661017	0.414972	0.361056	0.232856	0.211173	0.125367	0.065976	0.017337	0.017397	0.013884	0.00347	0.003475	0	0	0	0	0	0	0	0	0	0	0	0	0	0	0	0	0	0	0	0
79800	52.5	54.4	70.6	135	200.5	263	466.5	652.5	1031	1475	2035	3150	4830	7660	12100	16550	18600	16850	12200	7800	4790	3130	2715	2895	2985	2575	1815	1175	866	667.5	490	324.5	175.5	97.35	41.35	26.3	12.9	5.155	6.71	2.85	2.523532	2.085384	2.129988	1.63476	1.421008	1.12871	1.118095	0.883811	0.906299	0.675117	0.544588	0.366254	0.343593	0.193042	0.209767	0.084405	0.042081	0.024511	0.010542	0.003505	0.007008	0.003509	0	0	0	0	0	0	0	0	0	0	0	0	0	0	0	0	0	0	0	0
80400	85.7	191	196.5	276.5	282	454	725.5	854.5	1335	1830	2460	3800	6115	9915	14550	18600	18700	14050	8260	4870	3455	2635	2655	2985	2950	2390	1695	1150	834.5	665	475.5	312	179.5	99	43.7	27.1	11.755	8.43	6.52	3.52	2.675662	2.266058	2.083827	1.686378	1.485068	1.157692	1.040769	0.970884	0.98604	0.671265	0.525191	0.433938	0.364733	0.28714	0.176553	0.099457	0.03896	0.024756	0.017745	0.014161	0.003539	0.003544	0	0	0	0	0	0	0	0	0	0	0	0	0	0.003542	0	0	0	0	0	0
81000	145.2	180	196	326.5	519	747.5	894.5	1050	1405	1670	2260	3370	5470	8710	13300	17850	19300	15900	9955	5610	3765	2850	2685	2985	3025	2530	1755	1190	873	644.5	506.5	328.5	186.5	103.55	47.25	22.65	11.3	8.845	3.89	2.805	2.49508	2.241461	2.154126	1.565348	1.427999	1.213354	1.168567	1.101445	0.998507	0.62085	0.561578	0.46965	0.330048	0.227154	0.19541	0.134496	0.05158	0.030903	0.017228	0.003437	0	0.006882	0	0	0	0	0	0	0	0	0	0	0	0	0	0	0	0	0	0	0	0
81600	129.1	360	530	915.5	1244.5	1805	2070	2080	2015	1795	2015	2875	4650	7475	12100	17100	20150	17600	11650	6415	4030	3035	2555	2955	3120	2625	1935	1260	898.5	697	519.5	342	194	112.5	48.1	27	11.095	6.61	2.145	3.48	2.539607	2.327701	2.164494	1.661277	1.497171	1.25118	1.110153	0.997874	0.847541	0.682601	0.49957	0.414402	0.347242	0.203064	0.205697	0.15519	0.048142	0.034337	0.010337	0.017187	0.003436	0.003441	0	0	0	0	0	0	0	0	0	0	0	0	0	0	0	0	0	0	0	0
82200	122.75	245.5	433.5	675.5	1105	1555	1990	2095	1985	1785	1995	3020	4775	7855	12200	16850	19300	16300	10415	5995	3835	2860	2585	2895	3005	2590	1770	1205	849.5	660	508	328.5	210.5	113.5	43.15	29.4	11.37	3.965	1.0715	1.375	2.640473	2.26256	2.076777	1.626442	1.595507	1.299337	1.136378	1.056261	0.922447	0.635951	0.603274	0.529986	0.322248	0.241061	0.215399	0.099459	0.063754	0.035367	0.017745	0.00354	0.003539	0	0.003546	0	0	0	0	0	0	0	0	0	0	0	0	0	0	0	0	0	0	0
82800	149.55	273.5	704.5	967.5	1470	2250	2545	2820	2405	1970	1880	2620	4205	7175	11500	16350	19450	17100	11550	6505	4090	2995	2560	2860	3110	2780	1955	1325	887	646.5	502.5	348	223	119	49.75	24.85	12.7	8.06	4.75	4.19	2.602543	2.152049	2.077836	1.57035	1.347756	1.284282	1.093279	0.944903	0.911297	0.630413	0.567096	0.404519	0.374951	0.236336	0.190406	0.087062	0.059032	0.020804	0.024357	0.010413	0.00347	0.003475	0	0	0	0	0	0	0	0	0	0	0	0	0	0	0	0	0	0	0	0
83400	200.5	260.5	515	803	1135	1630	2085	2195	2010	1745	1980	2815	4615	7760	12050	16900	19050	16150	10550	6035	3910	2860	2495	2835	3105	2740	1990	1285	921.5	706	525	393.5	237.5	115.5	62.75	25.1	15.83	6.995	5.855	2.84	2.464259	2.254242	2.06326	1.530007	1.445728	1.321536	1.170701	0.87327	0.979808	0.622663	0.586765	0.345133	0.312047	0.175497	0.185299	0.126611	0.038575	0.052526	0.024598	0	0	0.007019	0	0	0	0	0	0	0	0	0	0	0	0	0	0	0	0	0	0	0	0
84000	235	323	429	580	668	862.5	1059	1082	1300	1415	1850	2835	4725	7825	12100	16300	18350	15600	10405	5970	3885	2885	2500	2820	3080	2555	1920	1245	890	729.5	493.5	358.5	219.5	110.5	55.4	24.4	11.505	7.415	5.725	2.79	2.519128	2.497415	2.22986	1.741976	1.817788	1.290774	1.032528	0.955787	1.019781	0.728689	0.606228	0.452027	0.346739	0.265875	0.180234	0.111003	0.047963	0.044209	0.003697	0.01844	0.003687	0.007384	0	0	0	0	0	0	0	0	0	0	0	0	0	0	0	0	0	0	0	0
84600	244.5	333	466.5	490.5	679	747.5	800	966.5	1325	1865	2440	3710	6000	9115	13250	16500	16750	13150	8325	5075	3500	2720	2425	2905	3035	2620	1875	1205	853	663.5	517	353	208	108	44.45	21.75	15.7	7.665	5.455	2.105	2.474497	2.103806	2.167564	1.614763	1.424552	1.157441	0.970123	0.960916	0.883565	0.676034	0.498176	0.448037	0.251967	0.190885	0.173161	0.099049	0.047679	0.037407	0.01365	0.013617	0	0	0.00341	0.00341	0	0	0	0	0	0	0	0	0	0	0	0	0	0	0	0	0	0
85200	536	602	611.5	763.5	829	848	873	1037	1500	2040	2850	4135	6355	9525	13600	16500	15950	12250	7735	4815	3355	2630	2520	2915	2960	2535	1795	1180	823.5	626.5	492	347.5	208.5	119.5	50.4	32.5	10.4	6.215	3.355	4.905	2.471188	2.242572	2.105665	1.795167	1.382662	1.176672	1.062035	0.910029	0.86971	0.581916	0.598403	0.404516	0.35759	0.205055	0.131552	0.100992	0.079866	0.038141	0.013918	0.024297	0.00347	0	0	0	0	0	0	0	0.003477	0	0	0.003475	0	0	0	0	0	0	0	0	0	0
85800	1061.5	1291	1355	1186.5	1142	1003.5	968	1090	1605	2175	3020	4325	6610	9910	13750	16350	15750	12250	7650	4950	3470	2675	2535	2875	2915	2505	1810	1200	878.5	692	497	341.5	215	116	52.65	21.4	14.25	7.93	6.54	2.115	2.735657	2.344254	2.222329	1.689947	1.663174	1.24269	1.405426	1.020697	0.961324	0.752542	0.656504	0.451733	0.368283	0.262331	0.180088	0.088803	0.063754	0.042441	0.024844	0.017702	0.007078	0.007089	0	0	0.003539	0	0	0	0	0	0	0	0	0	0	0	0	0	0	0	0	0
