0	10	11.189	12.52	14.008	15.674	17.538	19.624	21.957	24.568	27.49	30.759	34.417	38.509	43.089	48.213	53.946	60.361	67.539	75.57	84.556	94.611	105.862	118.451	132.536	148.297	165.932	185.664	207.742	232.445	260.087	291.015	325.621	364.342	407.668	456.146	510.389	571.082	638.992	714.978	800	819.679778644733	880.917448391193	946.491860977391	1017.19407043742	1093.05244872645	1174.42010683599	1262.11627785635	1356.14115310534	1457.25731663128	1566.28419284228	1683.22207108676	1808.45185640514	1943.14627867713	2088.12466507081	2244.14998543238	2411.6599867432	2591.38907241424	2784.94791141492	2992.74626377877	3215.92790873351	3456.10351445801	3714.06461644315	3990.98278480328	4288.44070393171	4608.40205733991	4952.47693609109	5321.83768347651	5718.829758465	6145.47320505222	6604.08414417601	7097.09295856234	7626.43399685399	8195.27339627099	8806.77343447353	9463.71808979813	10169.6240055301	10928.4764547399	11743.8191039564	12619.9900471026	13561.7350178278	14573.8012921819	15660.9361470058
0	136.25	297.5	550.5	783.5	1155	1490	1775	1850	2055	2190	2435	2840	3595	4625	6110	7660	8605	8735	7995	6850	6000	5365	4835	4205	3845	3770	3840	3745	3365	2675	1975	1290	774.5	435.5	223.5	116	66.4	30.65	9.445	9.815	2.746967	2.020435	1.830857	1.480841	1.418451	1.081075	1.07375	0.937052	0.812106	0.602555	0.463879	0.370517	0.339942	0.177396	0.137034	0.090689	0.068726	0.032507	0.025371	0.007231	0.007229	0.007239	0	0	0	0	0	0	0	0	0	0	0	0	0	0	0	0	0	0	0	0
600	110.1	193.5	272	577.5	968	1285	1635	1795	2055	2090	2205	2690	3345	4430	5735	7135	8300	8555	7865	6785	6020	5465	4770	4235	3840	3700	3920	3840	3550	2840	2165	1430	843	465	277	131	67.15	31.45	15.55	6.38	2.370833	1.972812	1.747958	1.454678	1.308033	0.924758	0.949477	0.815047	0.725081	0.562186	0.433269	0.316811	0.25516	0.173839	0.09188	0.056877	0.04608	0.024776	0.014207	0.003543	0.014167	0	0	0	0	0	0	0	0	0	0	0	0	0	0	0	0	0	0	0	0	0
1200	68.25	191	332.5	518.5	813	1195	1420	1650	1755	1835	2130	2530	3125	4190	5525	6995	8060	8385	7835	7060	6240	5610	5000	4325	3810	3710	3815	3735	3475	2895	2120	1370	813	454	244.5	119.85	56	22.3	11.84	4.25	1.943809	1.720316	1.45298	1.189788	1.119058	0.807779	0.733314	0.62281	0.562342	0.452546	0.316051	0.306111	0.244512	0.191564	0.095407	0.053319	0.035444	0.035392	0.010655	0.003543	0	0.007094	0	0	0.003542	0	0	0	0	0	0	0	0	0	0	0	0	0	0	0	0	0
1800	111.6	96.25	287.5	398	669.5	892.5	1100.5	1290	1505	1535	1815	2315	3020	4085	5745	7235	8400	8685	8005	6895	6100	5525	4850	4200	3820	3675	3770	3775	3315	2730	1950	1300	759.5	426	220	114.95	54.9	26.15	12.2	9.855	1.74211	1.497756	1.275872	0.90055	0.909057	0.744652	0.592778	0.602773	0.49437	0.349907	0.326091	0.265113	0.177164	0.104966	0.068501	0.025387	0.032547	0.025277	0.007247	0	0.003613	0.003619	0	0	0	0	0	0	0	0	0	0	0	0	0	0	0	0	0	0	0	0
2400	34.405	113.15	148.4	271.5	392	709	836	1095	1220	1430	1690	2045	2770	3715	5130	6805	7985	8290	7910	7065	6230	5420	4970	4340	3895	3785	3870	3835	3215	2395	1700	1040	544	325.5	160.5	77.8	40.65	20.1	7.055	3.5141	1.864114	1.648184	1.285121	1.083342	1.020205	0.764121	0.691122	0.593127	0.606768	0.450586	0.372506	0.317544	0.201493	0.1878	0.107389	0.034847	0.017374	0.020818	0.010445	0.017366	0.010416	0.003477	0	0	0	0	0	0	0	0	0	0	0	0	0	0	0	0	0	0	0	0
3000	127.105	133.95	175	214.5	280.5	576.5	642	858.5	1005.5	1165	1415	1865	2470	3450	4810	6435	7820	8345	7840	6895	6015	5450	4760	4115	3700	3570	3660	3595	3155	2420	1530	887	495	267.5	142	69.95	27.25	14.785	10.875	2.88275	2.025789	1.555426	1.431511	1.094078	0.998559	0.848863	0.775133	0.637764	0.47972	0.434049	0.330491	0.352407	0.245591	0.133465	0.062973	0.042231	0.035092	0.007008	0.010549	0.003508	0	0.003512	0	0	0	0	0	0	0	0	0	0	0	0	0	0	0	0	0	0	0	0
3600	5.59	47.6	29.65	99.2	222	392	555	688	914	1125	1440	1880	2545	3595	4955	6405	7785	8235	7780	7015	6185	5715	4930	4275	3905	3665	3710	3735	3345	2585	1700	1083.5	684	379.5	214.5	112.6	60.85	20.05	12.5	6.355	2.037303	1.463695	1.382818	1.003867	0.912015	0.701694	0.705106	0.554821	0.485478	0.35705	0.299436	0.202417	0.191096	0.125217	0.069292	0.034852	0.020851	0.01735	0.010447	0.006947	0.003472	0.006955	0	0	0	0	0	0	0	0	0	0	0	0	0	0	0	0	0	0	0	0
4200	34.9	55.98	66.8	140.5	210.5	328.5	486.5	613	797.5	1060	1310	1815	2450	3420	4750	6510	7615	8200	7665	6915	6210	5410	4875	4080	3615	3625	3730	3680	3365	2690	1785	1059	524.5	272	145.15	65.85	33.445	12.015	6.08	3.515	0.694842	0.626937	0.459514	0.415154	0.415583	0.277739	0.256886	0.174371	0.197545	0.117793	0.139193	0.069759	0.059032	0.045191	0.024238	0.020899	0.020839	0.010404	0.00696	0.003472	0.00347	0	0	0	0	0	0	0	0	0	0	0	0	0	0	0	0	0	0	0	0	0
4800	71.15	101.05	134.05	131.6	233	437	526.5	739	987	1160	1405	1995	2645	3575	4930	6430	7710	8085	7830	6855	6005	5510	4995	4335	3745	3555	3580	3695	3340	2720	1930	1215	623.5	298.5	126.6	71.15	31.9	10.56	4.34	4.18745	1.784761	1.259804	1.245078	0.975216	0.857406	0.676974	0.575202	0.528525	0.434192	0.329032	0.242591	0.232585	0.098235	0.115902	0.041981	0.059827	0.021055	0.010512	0.007032	0.007015	0	0.003512	0	0.003514	0	0	0	0	0	0	0	0	0	0	0	0	0	0	0	0	0	0
5400	214.5	199	234.5	240	301	345	454.5	588.5	782.5	968	1270	1750	2270	3235	4465	5960	7085	7835	7605	6860	5985	5275	4710	4145	3640	3560	3670	3640	3180	2475	1775	1115	645	367	180.5	93.15	50.25	21.25	9.62	3.54	2.067481	1.642278	1.382062	1.189903	0.980161	0.800771	0.797157	0.704732	0.615452	0.55513	0.47945	0.31682	0.304783	0.152557	0.109552	0.046214	0.046081	0.014158	0.003552	0.007086	0.003542	0	0	0	0	0	0	0	0	0	0	0	0	0	0	0	0	0	0	0	0	0
6000	147	312.5	349	419.5	546.5	639	640	652	865	993.5	1325	1715	2335	3225	4515	5880	7055	7465	7270	6620	5780	5250	4730	4090	3605	3535	3580	3625	3200	2540	1845	1220	722	396.5	215.5	107	59.75	25.5	10.44	7.74	1.574034	1.28414	1.018733	0.84258	0.705981	0.675088	0.544701	0.480069	0.457061	0.386867	0.284733	0.248464	0.177165	0.100391	0.079998	0.026824	0.016717	0.006677	0.0067	0.006684	0	0.003346	0	0	0	0	0	0	0	0	0	0	0	0	0	0	0	0	0	0	0	0
6600	687	838.5	809.5	891	908	938	929.5	895.5	890.5	1105	1225	1700	2185	2900	3995	5435	6530	7015	6970	6395	5765	5220	4810	4085	3655	3460	3550	3565	3150	2535	1835	1145	686.5	368	184.5	110	48.4	19.3	10.575	4.235	2.239378	1.788318	1.366824	1.225049	1.083862	0.958162	0.94	0.868061	0.812121	0.710811	0.539994	0.501296	0.361647	0.195501	0.068518	0.050787	0.032555	0.025283	0.018123	0	0.003614	0	0	0.003622	0	0	0	0	0	0	0	0	0	0	0	0	0	0	0	0	0	0
7200	1111.5	1107	1185	1170	1240	1255	1290	1210	1160	1250	1415	1815	2195	2835	3850	5050	6085	6730	6795	6300	5795	5350	4645	4095	3685	3455	3640	3705	3500	3000	2260	1490	939.5	539.5	306.5	149	75.2	30.8	9.67	2.125	2.37228	1.833981	1.706366	1.479021	1.291809	1.03508	0.94377	0.860005	0.809113	0.742306	0.61546	0.539344	0.336912	0.175665	0.118984	0.066886	0.045633	0.02103	0.010552	0.003509	0.003507	0.003513	0.003515	0	0	0	0	0	0	0	0	0	0	0	0	0	0	0	0	0	0	0
7800	500	543	583.5	599	630	766.5	864	933.5	950.5	1021	1330	1680	2105	2905	3850	5065	6125	6785	6640	6200	5640	5075	4675	3990	3605	3440	3540	3610	3370	2750	1985	1245	725.5	382	199.5	120.2	50.2	25.5	10.735	4.275	1.894201	1.421867	1.303848	1.110667	0.979283	0.859997	0.804886	0.673831	0.600952	0.624775	0.451687	0.456198	0.306224	0.141222	0.085774	0.037965	0.010324	0.013746	0	0	0.003439	0.003444	0	0	0	0	0	0	0	0	0	0	0	0	0	0	0	0	0	0	0	0
8400	407.5	435.5	482.5	555	621.5	750	842.5	937	1015	1016	1270	1605	2115	2875	3830	5030	6070	6690	6695	6180	5555	5150	4660	4015	3570	3490	3595	3625	3395	2880	2130	1415	825.5	483.5	250	129	64.55	32.1	7.93	4.19	1.9543	1.599618	1.260914	1.055797	0.953952	0.88928	0.8371	0.851428	0.807978	0.738369	0.598876	0.624704	0.337026	0.24	0.114333	0.045308	0.048653	0.020821	0.010447	0.003474	0	0	0	0	0	0	0	0	0	0	0	0	0	0	0	0	0	0	0	0	0	0
9000	1175	1285	1205	1051.5	797	664	677	908.5	1050	1275	1395	1660	2090	2750	3605	4695	5785	6390	6445	6120	5660	5155	4865	4155	3725	3540	3575	3690	3470	2820	2175	1440	866.5	491.5	269	136.5	63.5	26.4	9.2	1.43	2.455942	1.862949	1.680754	1.373713	1.183499	0.96036	0.931928	0.797392	0.820725	0.778005	0.596738	0.619493	0.375719	0.266127	0.123706	0.060443	0.031907	0.02124	0.010657	0.003544	0.007085	0	0	0	0	0	0	0	0	0	0	0	0	0	0	0	0	0	0	0	0	0
9600	1200	1635	1565	1240	1042.5	765.5	765	960.5	1150	1385	1625	1805	2220	2695	3570	4645	5575	6150	6345	5980	5495	5120	4715	4090	3740	3510	3630	3610	3440	2885	2085	1385	855.5	476.5	259	139	68.3	27.7	11.385	7.745	2.193097	1.812311	1.459542	1.145867	1.09379	0.927546	0.920518	0.820071	0.783751	0.710679	0.734711	0.617761	0.337046	0.253928	0.076226	0.066223	0.027803	0.010411	0.017412	0.013896	0	0.003478	0	0	0	0	0	0	0	0	0	0	0	0	0	0	0	0	0	0	0	0
10200	791	951.5	949.5	1026	918	943.5	1205	1620	2120	2470	2700	2760	3060	3460	4040	4695	5660	6005	5970	5700	5305	4965	4585	4100	3560	3370	3500	3550	3430	2795	2125	1410	873	489.5	279	126	65.5	36.35	22.75	9.225	2.40283	2.065441	1.762348	1.46895	1.254699	1.116201	1.073585	0.925474	0.884335	0.873422	0.813349	0.722687	0.56708	0.344165	0.243859	0.145763	0.095714	0.109733	0.024865	0.017717	0.031879	0.024833	0.010648	0.03195	0.003542	0.003545	0	0	0.003549	0.003542	0.003547	0	0	0	0	0	0	0	0.003546	0	0	0.003548
10800	489	523	673	817.5	924.5	1155	1525	2195	3040	3485	3890	3830	3740	3805	4195	4655	5270	5655	5805	5490	5200	4940	4575	4125	3495	3340	3290	3380	3265	2835	2180	1510	884	481.5	270	140	70	32.95	14.05	7.075	2.611009	2.282299	1.904476	1.64904	1.4757	1.272117	1.197598	1.181762	1.117802	1.053766	0.887938	0.954091	0.694674	0.567696	0.417036	0.216867	0.163069	0.138051	0.099461	0.056696	0.060217	0.031928	0.024846	0.0142	0.014169	0.00709	0.0071	0	0.003549	0	0	0	0.003547	0	0	0.003546	0.003546	0.003547	0	0.00709	0.003546	0.003548
11400	410	738	1197.5	1630	1760	2030	2100	2265	2885	3395	3930	4035	3995	4015	4305	4770	4975	5610	5795	5555	5220	4990	4655	3970	3495	3200	3140	3265	3140	2750	2065	1455	850.5	491	272.5	145	72.65	27.45	10.85	8.37	2.518698	2.069565	1.96295	1.517289	1.323406	1.185805	0.954174	0.902186	0.96661	1.039797	1.026809	1.089125	0.729882	0.509363	0.234439	0.112636	0.087744	0.031542	0.007034	0.010525	0.007014	0	0	0	0.003507	0	0	0	0	0	0	0	0	0	0	0	0	0	0	0	0	0
12000	478	636.5	1135	1405	1755	2020	2010	2220	2810	3115	3525	3640	3675	3900	4145	4575	5150	5615	5680	5510	5140	4900	4645	4060	3465	3185	3170	3335	3185	2845	2115	1460	884	505	265	119.5	69.9	34.45	16.4	4.95	2.448526	2.150977	1.85555	1.515914	1.37541	1.127495	1.059394	0.916861	0.925441	0.960841	0.749825	0.837881	0.529856	0.293887	0.185638	0.1221	0.032228	0.042907	0.007176	0.010738	0.007156	0.007167	0	0	0	0	0	0	0	0	0	0	0	0	0	0	0	0	0	0	0	0
12600	1040	1555	2015	2570	2785	2745	2740	2685	3080	3500	3710	3940	4130	4295	4665	5195	5630	5915	5770	5500	5225	4970	4545	3910	3290	2905	2940	2895	2755	2455	1840	1270	759	431.5	245	138	59.05	27.75	13.565	4.945	2.363721	2.186036	1.691073	1.504072	1.16544	1.038114	1.179732	1.106871	1.365242	1.48852	1.6407	1.915059	1.456504	0.890459	0.409915	0.177737	0.095702	0.024775	0.035517	0.017715	0.003542	0	0.003549	0	0	0	0	0	0	0	0	0	0	0	0	0	0	0	0	0	0	0
13200	1290	1945	2490	2980	2975	2980	2565	2665	3070	3340	3550	3730	3895	4135	4630	5110	5590	5900	5745	5515	5165	4825	4560	3885	3300	2905	2940	2930	2815	2415	1810	1260	733.5	437.5	240.5	128	53.5	25.6	8.955	6.99	2.197157	1.907526	1.656782	1.331905	1.189217	1.083989	1.010231	1.018412	1.330746	1.547333	1.7124	1.755166	1.494749	0.811412	0.374377	0.165423	0.049133	0.028035	0.024616	0.010524	0.003507	0	0	0	0	0	0	0.003508	0	0	0	0	0	0	0	0	0	0	0	0	0	0
13800	1545	1840	2260	2535	2800	2535	2445	2370	2780	3070	3440	3735	3900	4170	4405	4975	5535	5760	5850	5535	5180	5010	4490	4090	3395	3010	3035	3035	2970	2500	1955	1310	800.5	456.5	258	116	72.85	28.4	12.95	6.35	2.529707	1.994228	1.819094	1.458273	1.350863	1.091334	1.254215	1.163895	1.47145	1.736136	1.743806	1.975707	1.424707	0.855041	0.427613	0.195525	0.092164	0.049554	0.01776	0.007087	0.007084	0	0.007099	0	0	0.003545	0	0	0	0	0	0	0	0	0	0	0	0	0	0	0	0
14400	1885	2245	2520	3020	2870	2860	2935	3235	3465	4030	4435	4790	4850	5100	5230	5565	5925	5995	5795	5530	5315	4925	4460	3825	3260	2920	2825	2905	2810	2440	1790	1230	754.5	419	242	129	62.6	30.2	13.2	11.175	2.331969	1.979873	1.712389	1.422866	1.414923	1.190465	1.087621	1.153139	1.428906	1.778445	2.066855	2.281696	1.867585	1.163628	0.632542	0.270161	0.124058	0.049551	0.024862	0.014172	0.003542	0.007094	0	0	0	0	0	0	0	0	0	0	0	0	0	0	0	0	0	0	0	0
15000	1595	1695	2365	2610	2840	3010	3240	3575	4395	5180	5835	6150	6465	6180	6075	5950	6170	5995	5800	5445	5195	4865	4380	3665	3145	2780	2620	2735	2575	2225	1680	1115	669	396.5	221.5	132	69.15	29.15	15.65	8.47	2.406039	1.944314	1.708824	1.465224	1.343633	1.091251	1.094698	1.106863	1.520855	1.82086	2.365147	2.505932	2.367244	1.341	0.80569	0.302151	0.106335	0.070786	0.035517	0.024801	0.003542	0	0.003549	0.00355	0	0	0	0	0	0.003541	0	0	0	0	0	0.003545	0	0	0	0	0	0
15600	646.5	962.5	1555	2230	2595	2795	3075	3225	3860	4315	4815	5160	5525	5630	5895	6140	6285	6105	5890	5370	5110	4750	4150	3640	3040	2640	2590	2505	2375	2040	1505	1040	612	352.5	221.5	112.25	60.95	27.65	15.65	9.175	2.296297	1.82982	1.536115	1.278166	1.141747	0.948039	0.997158	0.945736	1.424502	1.702265	2.002422	2.198249	1.843985	1.225181	0.67072	0.302795	0.108299	0.036047	0.026307	0.009841	0.009838	0	0.003286	0	0	0	0	0	0	0	0	0	0	0	0	0	0	0	0	0	0	0
16200	499	821.5	1230	1615	2015	2160	2565	2910	3680	4225	4625	5320	5590	5940	6495	6770	6720	6355	6015	5585	5175	4685	4190	3485	2750	2320	2245	2215	2105	1750	1315	832	517	319	200.5	113.5	54.75	31.8	12.6	5.65	2.275915	1.886398	1.697556	1.317052	1.206138	1.021905	1.042252	1.050478	1.152748	1.431089	1.580812	1.79326	1.580883	0.859514	0.421279	0.228979	0.085194	0.037431	0.017073	0.010219	0.00681	0.00341	0.003412	0	0	0	0	0	0	0	0	0	0	0	0	0	0	0	0	0	0	0
16800	408.5	629	976	1425	1825	2120	2520	2875	3435	4125	4630	5265	5570	6225	6630	7095	7090	6730	6235	5630	5345	4825	4300	3465	2835	2390	2235	2200	2005	1705	1280	837	508	349.5	192	106	51.5	27.6	10.165	8.415	2.311663	1.935729	1.631233	1.312675	1.276639	1.066199	1.093618	0.950098	1.304684	1.379742	1.613364	1.734614	1.324433	0.823071	0.435651	0.172535	0.127309	0.054972	0.027582	0.013757	0.010314	0.003443	0.00689	0	0	0	0	0	0	0	0	0	0	0	0	0	0	0	0	0	0	0
17400	432	738.5	761.5	1120	1525	1975	2260	2465	3290	3765	4450	4955	5535	6125	6705	7065	7310	6900	6285	5790	5195	4800	4145	3465	2740	2295	2205	2130	2025	1675	1240	797.5	511.5	314	199.5	97.25	58.75	24.95	14.5	8.435	2.589127	1.864884	1.735744	1.39383	1.171885	1.135768	1.099151	0.994163	1.305141	1.483265	1.625257	1.618044	1.362481	0.731345	0.415234	0.205187	0.094991	0.051074	0.036609	0.014608	0	0.010968	0	0	0	0	0	0	0	0	0	0	0	0	0	0	0	0	0	0	0	0
18000	543.5	728	1009.5	1080.5	1500	1770	2040	2540	3310	3850	4375	4940	5580	6350	6995	7365	7745	7375	6635	6020	5350	4825	4205	3420	2715	2300	2200	2130	1975	1655	1210	812.5	470.5	324.5	184	105.4	59.4	29.85	17.7	12.665	2.236237	1.883902	1.720836	1.326336	1.235077	1.11087	1.031677	0.991521	1.225671	1.441468	1.289265	1.585973	1.166146	0.723174	0.401333	0.169078	0.123864	0.051534	0.024133	0.017196	0.010314	0	0	0	0.003438	0.003441	0	0	0	0	0	0	0	0	0	0	0	0	0	0	0	0
18600	548	679	843.5	1240	1535	1875	2165	2625	3380	3960	4515	5130	5730	6445	7225	7695	7955	7730	6930	6135	5455	4825	4275	3405	2730	2345	2195	2140	1950	1585	1205	819.5	493	339	192	99.5	62.45	27.1	9.06	9.11	2.296334	1.979566	1.879074	1.412055	1.289981	1.137142	1.062657	1.241923	1.400394	1.672115	1.601387	1.928998	1.523599	0.943527	0.445184	0.227469	0.131127	0.046004	0.03196	0.021255	0.010624	0.007093	0	0.003549	0	0	0	0	0	0	0	0	0	0	0	0	0	0	0	0	0	0
19200	540.5	678	944.5	1090	1450	1810	2255	2850	3725	4585	5355	5940	6495	7085	7535	8045	8225	7800	6945	6245	5460	4865	4075	3435	2775	2360	2245	2120	1930	1560	1145	736	483.5	300.5	187.5	117	55	29.45	14.2	9.805	2.354	2.252066	1.739819	1.534532	1.312674	1.163966	1.062659	1.096606	1.530015	1.713458	1.684796	1.859418	1.561927	0.872297	0.486718	0.290139	0.119338	0.057776	0.036236	0.021689	0.01084	0.003619	0.003621	0	0	0	0	0	0	0	0	0	0	0	0	0	0	0	0	0	0	0
19800	746.5	1042.5	1195	1285	1700	1865	2315	3065	3665	4425	5030	5695	6295	6970	7525	8025	8170	7755	6900	6175	5450	4780	4195	3435	2725	2375	2205	2025	1945	1550	1140	762	500	305.5	194.5	106	53.3	27.45	13.3	8.45	2.369818	1.97363	1.827759	1.418884	1.363095	0.987067	1.035126	1.112448	1.383614	1.482667	1.699501	1.914243	1.455116	0.802386	0.43564	0.200136	0.096339	0.037792	0.034477	0.013757	0.013752	0.003443	0.003445	0	0	0	0	0	0	0	0	0	0	0	0	0	0	0	0	0	0	0
20400	1250	1700	1605	1695	1945	2170	2235	2655	3110	3605	4135	4810	5460	6360	7270	7960	8250	7860	7030	6185	5420	4725	4075	3295	2680	2345	2160	2115	1900	1445	1075	703	465	284	185.5	103.35	48.75	28.85	16.35	9.85	2.331505	2.071878	1.903854	1.404933	1.300615	1.055618	1.161787	1.160026	1.481665	1.456408	1.647474	1.384404	1.06293	0.670371	0.402767	0.120837	0.109858	0.063695	0.042612	0.053135	0.028328	0.021278	0.007097	0.003549	0.003541	0.003544	0	0	0	0	0	0	0	0	0	0	0	0	0	0	0	0
21000	979.5	1236	1730	1905	2120	2285	2530	2815	3325	3810	4180	4915	5565	6565	7240	8075	8215	7830	6990	6095	5390	4685	3990	3285	2650	2345	2150	2010	1815	1415	1010	647	437	291.5	173.5	98.7	59.4	33.7	12.55	6.34	2.558939	2.100905	1.890872	1.540019	1.453257	1.034905	1.062594	1.084935	1.306985	1.306534	1.228765	1.287458	1.038599	0.702423	0.342908	0.198605	0.128548	0.065915	0.062664	0.038201	0.017358	0.006954	0.010436	0	0	0	0	0	0	0	0	0	0	0	0	0	0	0	0	0	0	0
21600	912	1545	1775	2150	2410	2660	2885	3205	3730	4205	4800	5315	5950	6685	7400	8180	8240	7965	7050	6175	5330	4705	3975	3320	2735	2375	2200	2070	1840	1425	1030	683.5	425.5	268.5	159	106.5	52.55	27.7	10.59	4.26	2.514073	2.100979	1.883974	1.647359	1.537153	1.267629	1.198065	1.102417	1.338233	1.313511	1.364568	1.290992	0.969161	0.62942	0.339457	0.202097	0.097283	0.117957	0.076592	0.031257	0.02083	0.013908	0.006958	0	0	0	0	0	0	0	0	0	0	0	0	0	0	0	0	0	0	0
22200	1255	1705	1900	2285	2625	2675	2835	3075	3705	4025	4485	5040	5600	6230	7080	7650	7970	7625	6750	6015	5330	4715	3960	3260	2700	2300	2130	2025	1810	1440	1080	691.5	449	285	194.5	104.5	56.65	27.2	13.065	5.67	2.617273	2.199868	1.886139	1.563819	1.464562	1.158374	1.218488	1.088884	1.400366	1.25141	1.292446	1.20293	0.85745	0.599447	0.374512	0.16349	0.116949	0.106161	0.071022	0.049594	0.035411	0.007093	0.014194	0.003549	0.003541	0.003544	0	0	0.003548	0	0	0	0	0	0	0	0	0	0	0	0	0
22800	1040.5	1510	1705	2155	2300	2380	2775	2990	3645	3895	4545	5035	5645	6265	6905	7555	7730	7350	6800	5890	5195	4480	3955	3140	2590	2260	2085	2040	1780	1430	1035	684.5	432.5	279.5	178.5	106.75	53.5	27.6	12.9	6.345	2.706646	2.339021	2.036967	1.628132	1.55261	1.348274	1.283098	1.183713	1.378409	1.266111	1.231851	1.19478	0.932785	0.582718	0.360519	0.184957	0.12295	0.101105	0.0616	0.032532	0.025293	0.003619	0.003621	0	0	0	0	0	0	0	0	0	0	0	0	0	0	0	0	0	0	0
23400	1020.5	1385	1820	2320	2415	2555	2630	3145	3540	4195	4630	5195	5800	6615	7205	7905	8010	7630	6845	6075	5080	4580	3950	3185	2605	2175	2105	2060	1740	1445	1065	693.5	458.5	279.5	189.5	110	60.35	26.9	15.75	6.385	2.587839	2.174544	1.955365	1.695112	1.541776	1.185473	1.227453	1.296528	1.337468	1.232006	1.191748	1.120533	0.87	0.537315	0.342815	0.151313	0.11579	0.087591	0.063286	0.035073	0.028048	0.021068	0.003513	0.003514	0	0.003509	0	0	0	0	0	0	0	0	0	0	0	0	0	0	0	0
24000	1480	1535	2365	2650	2690	2875	2915	3140	3625	4370	4795	5510	6155	6920	7745	8420	8585	8440	7340	6415	5480	4755	3930	3265	2675	2325	2125	2030	1775	1490	1070	705.5	459	291	167	104.5	57.25	29.3	15.2	8.46	2.758448	2.366972	2.102877	1.641529	1.61071	1.271769	1.321249	1.113826	1.329679	1.311544	1.189511	1.256351	0.910625	0.588823	0.363923	0.238133	0.127584	0.099087	0.085229	0.046053	0.042494	0.003547	0.007097	0.003549	0.003541	0	0	0	0	0	0	0	0	0	0	0	0	0	0	0	0	0
24600	1079.5	1640	2000	2370	2405	2635	2935	3015	3595	4325	5050	5490	6285	7105	7925	8600	8660	8305	7405	6525	5535	4745	4010	3210	2635	2290	2160	2050	1790	1500	1080	729.5	490.5	296	168.5	118.5	55.4	31.25	14	4.98	2.829224	2.596681	2.218351	1.851593	1.767266	1.283302	1.37717	1.216479	1.356856	1.32392	1.315277	1.078648	0.889464	0.532085	0.407416	0.224866	0.141041	0.079445	0.05798	0.046994	0.028909	0.003619	0.007242	0.003622	0.003614	0	0	0	0	0	0	0	0	0	0	0	0	0	0	0	0	0
25200	1165	1630	2090	2450	2460	2725	2825	3060	3730	4235	4875	5625	6340	7095	7785	8365	8585	8185	7455	6285	5490	4705	3965	3255	2625	2220	2055	1990	1775	1455	1070	689	481	299	188	99.15	55.2	24.85	12.19	7.76	3.01062	2.382309	2.061011	1.821059	1.510127	1.424067	1.304696	1.053501	1.334058	1.204088	1.033622	1.208707	0.901634	0.537352	0.4233	0.218187	0.10527	0.115628	0.04571	0.049106	0.024544	0.017558	0.003513	0.003514	0	0.003509	0	0	0	0	0	0	0	0	0	0	0	0	0	0	0	0
25800	1760	1830	2290	2615	2785	2710	2920	3110	3830	4225	4910	5540	6370	6950	7655	8345	8400	8135	7355	6220	5320	4540	3845	3190	2640	2310	2100	2020	1755	1490	1070	697.5	477.5	291.5	176	104.5	55.4	29	11.905	10.535	2.896836	2.416068	2.048819	1.85071	1.681013	1.36695	1.420501	1.204185	1.246694	1.149848	1.115474	1.017415	1.002166	0.652114	0.371177	0.16874	0.128876	0.082217	0.07533	0.042941	0.032194	0.01433	0.014338	0.010755	0	0.00716	0	0.003579	0	0	0	0	0	0	0	0	0	0	0	0	0	0
26400	1200	2310	2450	3115	2955	3085	3240	3200	3810	4315	4885	5735	6420	7205	7670	8320	8625	8105	7210	6345	5390	4580	3825	3160	2635	2335	2090	1970	1750	1345	1035	694	465	300	174	91.8	56.8	29.2	14.8	7.02	2.779643	2.441633	2.198809	1.793347	1.678435	1.434742	1.261045	1.213479	1.297866	1.230249	1.122059	1.11756	0.977958	0.581735	0.441659	0.181268	0.173658	0.120321	0.08523	0.063766	0.042495	0.02128	0.007097	0.003549	0.003541	0	0	0.003543	0	0	0	0	0	0	0	0	0	0	0	0	0	0
27000	1710	2015	2415	2620	2820	2730	2985	3255	3870	4370	5085	5825	6460	7180	7815	8240	8660	8040	7215	6140	5365	4640	4050	3280	2680	2285	2045	1930	1680	1355	997.5	702.5	477	307	163	106.95	52.9	25.6	11.1	10.485	2.707884	2.351976	2.228858	1.778972	1.635065	1.406628	1.330102	1.231567	1.348711	1.161086	1.030447	1.134045	0.917108	0.54947	0.36026	0.247408	0.17373	0.111024	0.055706	0.031258	0.017359	0.020863	0.020874	0	0.003472	0	0.003479	0	0	0.003471	0	0	0	0	0	0	0	0	0	0	0	0
27600	884	1435	2060	2405	2620	2865	2790	3070	3660	4215	4840	5580	6215	6795	7415	7910	8120	7845	7010	6045	5210	4585	3845	3195	2645	2200	2085	1930	1650	1365	989	666	426.5	296	186	108	52.5	28.55	11.645	9.095	3.048915	2.38925	2.293046	1.71613	1.820546	1.525725	1.444927	1.35646	1.253473	1.172538	1.156625	1.212182	0.873532	0.667273	0.395298	0.249849	0.143864	0.115623	0.077352	0.091193	0.014024	0.007023	0.02108	0.010542	0	0	0	0	0	0	0	0	0	0	0	0	0	0	0	0	0	0
28200	1044.5	1165	1765	2405	2485	2725	3050	3090	3665	4025	4600	5105	5485	5755	6285	6545	6740	6265	5825	5240	4650	4190	3560	3010	2515	2130	1975	1780	1565	1275	903.5	645.5	439	307.5	193	115.5	51.6	28.5	18.2	8.49	2.943008	2.418144	2.288029	1.785868	1.799244	1.437865	1.38912	1.325747	1.140667	1.12641	1.093094	1.064242	0.899726	0.528597	0.405287	0.216043	0.177202	0.117962	0.08704	0.059043	0.031246	0.020862	0.003479	0.010438	0	0.00695	0	0	0	0	0	0	0	0	0	0	0	0	0	0	0	0
28800	1018.5	1270	2220	3480	4330	4750	4520	4330	4000	4020	4620	5100	5600	5805	6050	6170	6345	6090	5565	5060	4555	4155	3710	3170	2650	2150	1955	1730	1485	1255	933	641.5	449	292	181	112	61.05	30.65	14.65	6.35	2.868362	2.520206	2.152898	1.786543	1.785421	1.481475	1.374001	1.232955	1.189552	1.178428	0.986363	0.952714	0.841113	0.591209	0.403303	0.201054	0.132458	0.089367	0.086093	0.035784	0.046502	0.017913	0.003584	0.003585	0	0	0	0	0	0	0	0	0	0	0	0	0	0	0	0	0	0
29400	861.5	1067	1395	2105	2305	2580	3015	3160	3505	3785	4565	5025	5620	5820	5950	6135	6230	6105	5635	5065	4620	4150	3775	3220	2705	2300	1975	1800	1515	1210	924.5	636.5	420	291	180	114	61.55	22.6	10.495	4.285	2.769046	2.462944	2.134859	1.630948	1.756824	1.544553	1.335425	1.213473	1.064457	1.060554	1.06524	0.925363	0.800788	0.524978	0.469923	0.223918	0.127585	0.099087	0.095883	0.038968	0.038953	0.017733	0.010646	0.010647	0.003541	0	0	0	0	0	0	0	0	0	0	0	0	0	0	0	0	0
30000	1014	1140	1140	1565	1820	2145	2335	2750	3505	4265	5005	5660	6300	6405	6530	6435	6670	6420	5840	5330	4820	4390	3835	3335	2690	2255	2035	1700	1555	1220	886	636.5	452.5	299.5	203.5	97.35	54.55	29.7	11.75	4.95	3.003652	2.344208	2.292752	1.886321	1.698967	1.499312	1.363216	1.222126	1.160931	1.103397	1.004259	1.042554	0.833924	0.627016	0.417564	0.244129	0.17541	0.114386	0.082502	0.035783	0.042924	0.010747	0.017922	0.00717	0.007154	0	0	0	0	0	0	0	0	0	0	0	0	0	0	0	0	0
30600	1200	1275	1365	1470	1605	1810	2060	2485	3330	3910	4885	5620	6115	6220	6235	6330	6565	6470	5750	5200	4640	4235	3840	3305	2735	2285	1960	1760	1525	1230	914.5	612.5	442.5	279.5	185	105.5	54.1	26.8	12.65	7.035	2.857121	2.484171	2.298169	1.9733	1.689051	1.494899	1.392047	1.145815	1.025516	1.018092	0.994185	0.946681	0.790127	0.610086	0.335646	0.220355	0.152387	0.106161	0.078124	0.031882	0.017705	0.021279	0.014194	0.003549	0.003541	0	0.003549	0	0	0	0	0	0	0	0	0	0	0	0	0	0	0
31200	3850	3165	2430	1975	1930	2065	2060	2350	3025	3735	4500	5160	5830	5975	5850	5950	6155	6135	5650	5085	4605	4195	3810	3385	2815	2335	1965	1755	1450	1150	865	586.5	417.5	270	164.5	95.7	57.3	28.95	7.445	7.7	2.838691	2.204008	2.059416	1.734408	1.572629	1.382848	1.239686	1.163286	1.074437	1.033278	0.880801	0.828107	0.596182	0.53203	0.377077	0.218706	0.115853	0.115683	0.058044	0.047684	0.017024	0.01023	0.003412	0.003412	0.01362	0.003408	0	0	0.003412	0	0	0	0	0	0	0	0	0	0	0	0	0
31800	15050	14050	13075	10650	8690	6645	4945	3850	3590	3780	4075	4665	5215	5675	5845	5880	6200	6395	5975	5490	5065	4580	4110	3530	2865	2425	1985	1695	1465	1100	840.5	601.5	418	274	161.5	91.85	42.25	17.95	10.635	12.6	2.626147	2.382049	2.085403	1.747467	1.584049	1.399362	1.29754	1.176692	1.092338	0.920467	0.850712	0.838603	0.641949	0.470571	0.349797	0.182975	0.150871	0.136636	0.059768	0.066636	0.0596	0.014045	0.021079	0.010541	0.003506	0	0	0	0	0	0	0	0	0	0	0	0	0	0	0	0	0
32400	16100	16950	16650	14400	10470	6860	5080	4005	3860	3700	3810	4325	4850	5165	5135	5275	5515	5675	5450	5180	4820	4525	4075	3650	3040	2455	2030	1705	1395	1075	812	568.5	400	270	162	78.3	40.1	25.5	12.3	3.555	2.51474	2.196104	1.988958	1.666032	1.557062	1.324741	1.193579	1.223988	0.961775	0.933165	0.85208	0.822042	0.683769	0.489442	0.374476	0.230996	0.124025	0.13092	0.09232	0.035421	0.028326	0.024823	0.003548	0	0	0	0	0	0.003548	0	0	0	0	0	0	0	0	0	0	0	0	0
33000	5255	5520	5505	4230	3670	3115	2915	2970	3050	3345	3710	4170	4695	4780	4695	4500	4665	4730	4690	4470	4305	3995	3755	3415	2905	2460	1980	1715	1400	1095	795.5	535	386.5	274.5	149.5	96.35	44.2	16.95	10.34	9.115	2.54077	2.139016	1.824111	1.699734	1.43559	1.330847	1.179433	1.108872	1.043605	0.909407	0.820359	0.81191	0.650087	0.475181	0.366995	0.231166	0.209859	0.089317	0.051709	0.055022	0.034376	0.006886	0.013779	0.003445	0	0	0	0	0	0	0	0	0	0	0	0	0	0	0	0	0	0
33600	1710	2025	2145	2295	2380	2375	2580	2475	2825	3365	3695	4335	4855	4945	4875	4705	4750	4735	4560	4295	4150	3985	3820	3465	2950	2435	2035	1725	1440	1065	798.5	528.5	425.5	261.5	170	91.3	50.2	25.75	15.05	6.37	2.783552	2.093817	1.918621	1.67143	1.48112	1.385582	1.215316	0.9872	0.991449	0.949522	0.811008	0.798946	0.673835	0.445074	0.290936	0.216014	0.111171	0.111008	0.076585	0.062507	0.041656	0.013906	0.003479	0.003479	0.003472	0	0	0	0	0	0	0	0	0	0	0	0	0	0	0	0	0
34200	968.5	988.5	1455	1805	2410	2570	2540	2665	2870	3525	3995	4550	5015	5025	4935	4800	4730	4690	4445	4300	3985	3890	3785	3460	2975	2445	2035	1780	1440	1175	847.5	585.5	377	263	142.5	91.65	49.4	22.6	10.185	4.23	2.444833	2.052716	1.982682	1.518072	1.528953	1.299866	1.134704	1.139935	1.15343	0.837321	0.851361	0.808435	0.636313	0.471727	0.322399	0.203559	0.15481	0.106491	0.065497	0.037827	0.034375	0.027542	0.003445	0.010335	0	0	0	0	0	0	0	0	0	0	0	0	0	0	0	0	0	0
34800	676	1100	1665	2250	2735	2985	2945	3035	3320	3775	4395	4740	5140	5255	5090	4925	4900	4760	4550	4305	4095	3990	3900	3595	3145	2655	2135	1785	1410	1140	858.5	603	397	258.5	150.5	81.55	37.65	23.1	12.95	4.3	2.645214	2.156995	1.974733	1.817793	1.685317	1.303477	1.27857	1.238209	1.177457	0.986177	0.915978	0.871855	0.705019	0.485891	0.328547	0.309176	0.163002	0.116765	0.074565	0.077925	0.028326	0.010638	0.007096	0.003549	0.007082	0.003544	0	0	0.003548	0	0	0	0	0	0	0	0	0	0	0	0	0
35400	826	1280	1985	2990	3455	3520	3295	3380	3700	4125	4630	5010	5400	5465	5380	5270	5380	5180	4990	4735	4385	4225	4060	3745	3175	2685	2185	1825	1490	1125	851	594	430.5	278	167	89.5	53.8	21.55	9.9	6.33	2.632837	2.318852	2.109556	1.796999	1.670008	1.534945	1.39886	1.247166	1.175105	1.146135	1.032851	1.125129	0.679957	0.648451	0.378268	0.294361	0.161075	0.103652	0.060974	0.050091	0.014306	0.01791	0.007168	0.003585	0.003577	0	0	0	0	0	0	0	0	0	0	0	0	0	0	0	0	0
36000	892	1730	2650	3230	3585	3910	3795	3675	3945	4385	4975	5320	5665	5915	5820	5805	5800	5675	5390	5135	4765	4460	4220	3815	3270	2645	2215	1820	1545	1205	943	613	430	294	180	104.25	48.55	24	16.9	5.03	2.807482	2.204043	2.17419	1.832701	1.781628	1.452689	1.47045	1.286735	1.285862	1.071182	1.054396	1.024505	0.780182	0.540987	0.364004	0.312318	0.225511	0.171566	0.086083	0.046515	0.035767	0.010746	0.003584	0.007169	0	0.00358	0	0	0	0	0	0	0	0	0	0	0	0	0	0	0	0
36600	1420	2270	2740	3340	3865	4105	3915	4050	4540	4865	5475	5865	6115	6165	6200	6165	5865	5870	5655	5190	4885	4460	4275	3865	3310	2825	2240	1990	1580	1245	937.5	647	447.5	279.5	155	90.45	48.85	22.45	9.475	8.37	2.894345	2.508524	2.200777	1.989896	1.809571	1.552345	1.430671	1.283772	1.282708	1.195625	0.946803	1.039728	0.781548	0.587666	0.363688	0.212541	0.170238	0.121421	0.076589	0.059038	0.04513	0.006954	0.006957	0	0.003472	0.003474	0	0	0	0	0.003476	0	0	0	0	0	0	0	0	0	0	0
37200	2210	3055	3730	4320	4500	4535	4535	4340	4460	4630	5080	5510	5670	6065	6185	6225	6160	6145	5780	5525	5090	4855	4625	4265	3625	3030	2440	1980	1665	1290	927	645.5	445.5	287	149.5	94.5	45.7	27.2	13.6	13.33	2.749034	2.637362	2.245985	2.076357	1.91432	1.659957	1.447994	1.322109	1.213339	1.178265	0.911969	1.081566	0.698164	0.67458	0.533394	0.306608	0.20845	0.117948	0.093993	0.065981	0.0243	0.02086	0.006957	0	0	0	0	0.003473	0	0	0	0	0	0	0	0	0	0	0	0	0	0
37800	2495	3550	3950	4145	4650	4550	4520	4390	4310	4405	4920	5280	5635	5785	6095	6160	6085	6180	5810	5540	5130	4750	4545	4160	3620	3010	2395	1990	1615	1160	913.5	633	401	287.5	172.5	96.05	50.75	30.1	14.1	5.665	3.075604	2.587058	2.230528	2.015523	1.881346	1.508966	1.501749	1.327205	1.248216	1.16295	0.990567	0.868325	0.797159	0.59231	0.44161	0.305633	0.226794	0.127384	0.102974	0.070843	0.04249	0.039008	0.010644	0.003549	0.003541	0	0	0	0	0	0	0	0	0	0	0	0	0	0	0	0	0
38400	2015	3045	3775	4190	4265	4435	4625	4315	4455	4425	4845	5290	5600	5865	6045	6190	6230	6090	5870	5440	5085	4730	4545	4150	3595	2895	2370	1915	1585	1260	891.5	642.5	459	294	188	107.5	53.9	20.75	11.05	7.025	2.994534	2.431799	2.26687	1.951768	1.830474	1.503679	1.274369	1.248848	1.206401	0.994591	1.026831	0.872228	0.791944	0.566784	0.443339	0.299638	0.187604	0.173453	0.076586	0.065981	0.038185	0.034766	0	0.006958	0.006943	0	0	0.003473	0	0	0	0	0	0	0	0	0	0	0	0	0	0
39000	2055	3835	5035	5720	5845	5685	5230	5070	4735	4310	4365	4705	5165	5790	6365	6930	6980	6785	6445	6130	5540	5370	5090	4735	4015	3180	2580	2025	1575	1220	877.5	637	428.5	293	158.5	90.65	39.3	19.9	8.255	5.625	3.160402	2.536229	2.541869	2.162788	2.033013	1.687673	1.614607	1.580191	1.494082	1.216338	1.106851	1.022215	0.906536	0.580673	0.557618	0.383245	0.246656	0.152633	0.111394	0.072924	0.05554	0.027812	0.024349	0.006958	0.003471	0	0	0	0.003478	0	0	0	0	0	0	0	0	0	0	0	0	0
39600	1795	2810	3875	4070	4235	4110	4280	4295	4330	4190	4305	4540	4890	5285	5840	6480	6500	6290	5930	5550	5095	4730	4610	4125	3535	2985	2445	2020	1660	1315	929.5	641	456	285	167	93.75	45.8	20.05	11.365	4.92	3.230331	2.980229	2.848554	2.289203	2.116789	1.858819	1.676297	1.627655	1.400446	1.357964	1.332325	1.067644	0.915576	0.705863	0.493218	0.387066	0.242098	0.18919	0.116021	0.091187	0.049082	0.017556	0.014053	0.003514	0	0	0	0	0	0	0	0	0	0	0	0	0	0	0	0	0	0
40200	1575	2640	3985	4985	5155	5105	5230	5355	5500	4880	4655	4690	5085	5700	6215	6760	6775	6535	6200	5790	5390	4990	4655	4280	3730	3120	2530	2075	1670	1360	951.5	668.5	448.5	288	156.5	101	44.25	21.9	12.5	7.76	3.516418	2.979355	2.654907	2.328275	2.242293	1.892757	1.914057	1.671289	1.54658	1.342525	1.215763	1.236574	1.095099	0.766683	0.567408	0.423597	0.27562	0.135821	0.132709	0.08945	0.057226	0.007164	0.014336	0.007169	0	0	0	0	0	0	0	0	0	0	0	0	0	0	0	0	0	0
40800	1265	2665	4365	6175	6900	6885	6515	6615	6890	6300	5615	5200	5345	5780	6430	7005	7065	6905	6190	5720	5140	4875	4570	4225	3655	3095	2555	2135	1685	1340	964.5	642	411	264	151.5	84.65	48.8	30.5	13.7	28.55	3.415637	3.042484	2.895919	2.651069	2.272513	1.977191	1.919189	1.710179	1.652616	1.518583	1.159368	1.10397	1.019537	0.749194	0.645317	0.348148	0.285673	0.17693	0.134068	0.08675	0.039746	0.018094	0.007241	0.003621	0.003613	0	0	0	0	0	0	0	0	0	0	0	0	0	0	0	0	0
41400	2395	3380	4890	6330	7820	8525	8545	9095	9660	9110	7150	5910	5480	6000	6585	7240	7360	7200	6600	5825	5240	4720	4510	4125	3660	3165	2555	2185	1695	1280	962	647	429	286.5	165	102.95	46.65	19.55	9.525	7.745	3.35436	2.839466	2.727875	2.386237	2.251993	1.91284	1.827665	1.597683	1.580657	1.371551	1.246241	1.103238	0.999141	0.68455	0.568813	0.302089	0.269327	0.180468	0.092325	0.063761	0.03541	0.028371	0.017741	0.007098	0.007082	0.003544	0	0	0.003548	0	0	0.003547	0	0	0	0	0	0	0	0	0	0
42000	5550	4925	5460	7610	9495	10600	11000	11450	12150	11500	9440	7025	5780	6070	6650	7500	7845	7690	7040	6325	5520	5060	4535	4305	3755	3210	2680	2165	1705	1335	912	654	430	279	152	102.1	49	24.5	13.025	9.145	3.315597	2.99942	2.813152	2.453333	2.159372	1.902235	1.912694	1.619051	1.49227	1.237238	1.210749	1.177987	0.931833	0.776778	0.657146	0.437146	0.216173	0.201701	0.113632	0.10627	0.053115	0.046103	0.007097	0	0.003541	0.003544	0	0	0	0	0	0	0	0	0	0	0	0	0	0	0	0
42600	9530	9675	9870	10485	12040	13050	13550	13100	12600	12200	10315	7985	6130	5845	6510	7415	8045	8160	7730	6910	6050	5465	4995	4555	4060	3400	2845	2210	1750	1310	933	645.5	463.5	300.5	177.5	91.35	51.1	31.4	17.35	7.745	3.340448	2.971132	2.912747	2.509933	2.205801	1.969634	1.976545	1.476788	1.456978	1.269113	1.200155	1.124658	1.052349	0.766174	0.625378	0.405179	0.248079	0.159245	0.124291	0.07085	0.046035	0.035465	0.039033	0.014196	0.003541	0	0.003549	0	0	0	0	0	0	0	0	0	0	0	0	0	0	0
43200	16750	21100	28050	30450	31450	32500	31700	24450	18700	15800	12800	9200	6385	5335	5730	6760	7855	8535	8375	7630	6865	6490	6160	5885	5355	4485	3525	2585	1950	1370	971.5	650.5	458	307	197	126.5	56.75	23	12.75	5.62	3.251784	2.758982	2.634438	2.128762	2.085357	1.873135	1.788792	1.631429	1.362143	1.081637	1.10048	0.983229	0.803444	0.611139	0.50379	0.327297	0.228098	0.231268	0.137137	0.091201	0.042077	0.02107	0.017568	0.010543	0	0	0	0.003508	0	0	0	0	0	0	0	0	0	0	0	0	0	0
43800	15600	22800	27500	31500	32650	35350	36000	30950	24150	20250	17200	12350	7855	6100	6135	7215	8405	9085	8705	7500	6595	5925	5665	5330	4845	4090	3255	2515	1855	1360	954	666.5	466.5	317	193.5	127.5	58.55	30.8	16.7	11.26	3.370271	2.748207	2.64478	2.229954	2.02874	1.946643	1.588742	1.486843	1.418057	0.962546	0.991408	0.90915	0.782331	0.709427	0.489757	0.309676	0.200009	0.147159	0.119545	0.059627	0.04558	0.014046	0.014054	0.007028	0.003506	0.003509	0	0.003508	0	0	0	0	0	0	0	0	0	0	0	0	0	0
44400	11800	16900	22750	26850	29150	31900	33700	30400	23750	19950	17300	12500	7900	5875	6160	7110	8295	8800	8355	7410	6365	5650	5395	5060	4675	3920	3195	2395	1760	1290	874	635.5	424	264	178	103	50.05	26	11.225	6.325	3.167348	2.530232	2.354871	1.99437	1.941945	1.802989	1.67178	1.369921	1.294201	0.975618	1.001231	0.967981	0.740481	0.563943	0.491076	0.348284	0.205534	0.127386	0.142035	0.081471	0.063736	0.007092	0.021289	0.014195	0	0	0	0	0	0	0	0	0	0	0	0	0	0	0	0	0	0
45000	7870	12600	17450	22250	25850	29950	34100	33400	25200	19800	16650	12300	7400	5280	5285	6320	7635	8550	8415	7610	6730	6000	5880	5510	5050	4335	3365	2550	1885	1270	904.5	610	405.5	274.5	167	97.85	46.45	19.4	13.75	7.1	3.021155	2.717277	2.389382	1.971696	2.141485	1.842639	1.592044	1.437647	1.167955	1.149699	0.993397	0.873498	0.866046	0.626952	0.474617	0.337437	0.232663	0.171561	0.111187	0.053669	0.035766	0.039402	0.014336	0	0	0.007159	0	0	0	0	0	0	0	0	0	0	0	0	0	0	0	0
45600	8265	13350	17000	20550	24250	27550	31300	31050	24000	16850	13200	9425	5655	3925	3975	5085	6635	7920	8025	7550	6940	6315	6050	5645	5155	4265	3225	2480	1715	1240	836	544.5	367	240	139	81.05	44.05	22.35	10.475	5.64	2.707123	2.239846	2.141192	1.979156	1.875605	1.59373	1.492906	1.297491	1.168093	0.970187	0.957072	0.784887	0.739732	0.538886	0.446736	0.29611	0.15284	0.100587	0.076575	0.059027	0.034709	0.013904	0.01739	0.003479	0	0	0	0	0	0	0	0	0	0	0	0	0	0	0	0	0	0
46200	8985	9775	10350	11900	13550	13850	14050	13900	11800	9930	8255	6055	3815	2605	2790	3840	5225	6655	7105	6700	6025	5575	5115	4810	4395	3690	2985	2310	1670	1120	766	453.5	298	177	96.35	52.15	25.95	13.65	9.68	5.6	2.56901	2.269356	2.076138	1.717606	1.722927	1.452611	1.391061	1.168796	1.1543	1.031299	0.796812	0.722435	0.665019	0.542722	0.40725	0.257403	0.198823	0.115509	0.112291	0.057815	0.054182	0.010853	0.028957	0.01086	0.003612	0.003615	0.00724	0.003614	0	0	0	0	0	0	0	0	0	0	0	0	0	0
46800	6965	9810	12750	14200	14250	13800	12450	11300	9660	7840	6400	4525	2900	2330	2645	3855	5450	6750	7290	6845	5955	5425	5105	4740	4285	3660	3005	2265	1640	1140	769.5	503	306.5	193	104.75	54.45	27.45	12.8	10.785	1.47	2.534588	2.13511	2.070714	1.757424	1.657637	1.412966	1.293644	1.074201	1.14451	0.815226	0.846942	0.799604	0.690853	0.561707	0.454599	0.309557	0.224485	0.147102	0.1195	0.049086	0.049067	0.024571	0.028096	0.007025	0.00701	0.003508	0	0.003506	0	0	0	0	0.003509	0	0	0	0	0	0	0	0	0
47400	6445	9455	11800	12400	11800	11050	9675	8175	6805	5310	4200	3130	2285	2145	2720	3875	5320	6585	7025	6565	5820	5420	4945	4765	4185	3730	3015	2325	1785	1205	770	466.5	313	183	104	57.65	27.05	14.4	7.995	4.94	2.478807	2.311057	2.151642	1.715551	1.643581	1.472616	1.458463	1.317259	1.130545	1.035684	0.882112	0.71861	0.659311	0.603854	0.426637	0.2568	0.150831	0.091066	0.101929	0.02805	0.038554	0.021061	0.010536	0	0	0.003508	0.003513	0	0	0	0	0	0	0	0	0	0	0	0	0	0	0
48000	2500	3710	4845	5585	6065	6250	6375	6620	7270	6970	5850	4115	2835	2310	2695	3895	5430	6820	7130	6680	5820	5140	4675	4390	4010	3540	3070	2475	1855	1330	851	542.5	357	228.5	111	63.35	26.4	15.05	7.86	4.21	2.542533	2.622095	2.354393	1.902207	1.799052	1.639714	1.466052	1.323395	1.134847	0.964817	0.919384	0.864602	0.782838	0.549644	0.420332	0.294915	0.191321	0.152125	0.067453	0.081454	0.049562	0.024819	0.010642	0.01774	0.00354	0.003543	0	0	0.003547	0.00354	0	0.003546	0	0	0.003547	0.003544	0	0	0	0	0	0
48600	754.5	1155	1565	2350	3430	3990	4725	5615	5880	5240	4040	2795	2015	1975	2630	3910	5425	6825	7265	6765	5760	5205	4660	4420	4190	3745	3270	2710	1995	1355	912	587	383.5	233.5	133.5	70.6	33.7	18.75	11.675	9.115	2.973017	2.625882	2.404322	2.191791	1.98804	1.611525	1.459099	1.469383	1.233947	0.961369	0.986917	0.928729	0.850216	0.606436	0.416837	0.298495	0.173621	0.1486	0.099413	0.081462	0.024783	0.035458	0.007096	0.007097	0.003541	0	0.003548	0	0.003548	0	0	0	0	0	0	0	0	0	0	0	0	0
49200	468.5	725	1745	2290	2820	3125	3710	4345	4000	3360	2720	2130	1820	1870	2620	3775	5320	6795	7380	6850	5935	5180	4825	4550	4215	3880	3350	2745	2115	1435	951.5	640.5	394	240	147	72.2	44.5	24.15	11.535	3.555	2.782585	2.632998	2.411434	1.927089	1.838409	1.728412	1.54056	1.465831	1.33295	1.010854	0.99757	0.861123	0.683718	0.556788	0.476892	0.351799	0.219685	0.141524	0.085212	0.088545	0.042486	0.014183	0.021287	0.010645	0	0	0	0	0	0	0	0	0	0	0	0	0	0	0	0	0	0
49800	468	729	1395	1965	2235	2460	2900	2995	2695	2385	2110	1825	1700	1870	2480	3780	5225	6745	7270	6770	5905	5150	4770	4540	4290	3900	3455	2860	2185	1560	1026	682	431	257.5	148.5	81.65	37.2	13.9	8.04	4.945	2.906084	2.67925	2.329802	1.905954	1.966713	1.763869	1.512261	1.394705	1.354194	1.025015	0.986942	0.868259	0.758129	0.599358	0.452174	0.230984	0.21969	0.120298	0.092315	0.081464	0.046027	0.028367	0.010644	0.007097	0	0.003544	0	0	0	0	0	0	0	0	0	0	0	0	0	0	0	0
50400	496.5	777.5	1165	1805	1960	2135	2210	2200	2265	2110	1885	1740	1675	1830	2435	3680	5155	6575	7155	6725	5840	5145	4865	4545	4295	4030	3520	2945	2295	1610	1085	684.5	424.5	268.5	154	76.1	37.6	18.75	11.385	5.655	2.796417	2.620089	2.414246	2.092706	1.871357	1.753009	1.573993	1.369217	1.214262	1.110309	0.896475	0.912945	0.819438	0.619722	0.43175	0.312276	0.168216	0.135805	0.125521	0.050086	0.032186	0.025071	0.007167	0.003584	0.010729	0.003579	0	0.003578	0	0	0	0	0	0	0	0	0	0	0	0	0	0
51000	380.5	822.5	1365	2300	2615	2610	2935	3535	3455	2590	1910	1760	1645	1805	2550	3720	5460	6945	7310	6955	6195	5575	5020	4725	4550	4215	3635	3265	2405	1780	1155	725.5	434	272.5	142	79.85	37.1	15.05	13.65	3.595	2.817876	2.557665	2.282061	1.956925	1.816672	1.672718	1.546339	1.401996	1.428268	1.105826	0.913876	0.947718	0.740081	0.575852	0.496651	0.313131	0.19646	0.182159	0.101944	0.066628	0.049076	0.017554	0.017563	0.01054	0	0.003508	0.007026	0	0	0	0	0	0	0	0	0	0	0	0	0	0	0
51600	507.5	780.5	1455	2445	3115	3425	3945	4695	4400	3115	2135	1790	1745	1880	2545	3915	5620	7190	8005	7700	6980	5830	5400	4990	4735	4390	3920	3390	2715	2025	1410	842.5	537.5	325	171	90.9	48.4	21.3	12.35	6.355	3.484555	2.778499	2.662236	2.192913	2.184832	2.061042	1.695917	1.703735	1.43951	1.214055	1.147689	1.006572	0.85895	0.763145	0.47822	0.290791	0.329331	0.196594	0.12913	0.139549	0.082268	0.039405	0.02509	0.028678	0	0	0	0.003578	0	0	0	0	0	0	0	0	0	0	0	0	0	0
52200	433	647.5	1305	2295	2810	3175	3595	3345	2760	2095	1655	1455	1430	1655	2470	3810	5615	7190	8170	7935	7135	6120	5520	5115	4775	4535	4060	3535	2865	2095	1460	921	564	330.5	178.5	97.35	51.05	26.4	11.945	5.655	3.460342	3.166566	2.610787	2.453423	2.277046	1.983782	1.95527	1.704514	1.495862	1.223143	1.114924	1.057024	0.878719	0.822918	0.561774	0.323429	0.244532	0.194631	0.159801	0.113359	0.028329	0.021279	0.007097	0.003549	0.003541	0.003544	0	0	0	0	0.003546	0	0	0	0	0	0	0	0	0	0	0.003547
52800	387.5	568.5	1076.5	1755	2420	2770	2805	2490	2195	1750	1420	1350	1335	1695	2445	3780	5770	7415	8260	8055	7190	6240	5550	5170	4935	4585	4070	3500	2855	2140	1425	899.5	555	308.5	180	96.8	48.95	21.55	6.65	4.925	3.2233	2.976667	2.802796	2.173838	2.077951	1.886849	1.686793	1.659339	1.403927	1.175952	1.05108	0.947828	0.855928	0.61806	0.500207	0.313167	0.171922	0.101601	0.084378	0.056114	0.024541	0.017556	0.021078	0	0.003506	0	0	0.003507	0	0	0	0	0	0	0	0	0	0	0	0	0	0
53400	187.5	398	633.5	1097.5	1500	1765	1615	1515	1310	1132	1000	1065	1275	1790	2610	3970	5525	7120	7465	7080	6435	5675	5235	4930	4575	4270	3790	3170	2595	1855	1235	779	437.5	249.5	127	76.4	38.8	20.2	10.475	3.55275	2.746377	2.451249	2.213223	1.939289	1.846053	1.602654	1.70267	1.441005	1.324893	1.14594	1.036262	0.952424	0.81581	0.637595	0.470971	0.326614	0.178942	0.164385	0.078894	0.06797	0.025032	0.007163	0.014334	0.003584	0.003576	0	0.003584	0.003578	0	0	0	0	0	0	0	0	0	0	0	0	0	0
54000	347	328.5	458	677	864	1001	971	853	774.5	826.5	865.5	970.5	1270	1995	3010	4330	5615	6570	6770	6425	5780	5155	4865	4605	4395	3900	3575	3060	2395	1755	1140	659.5	405	210.5	120.5	65.2	30.6	14.15	11.915	3.575	2.493344	2.203501	2.162895	1.871462	1.723616	1.692003	1.437897	1.286418	1.271262	0.956687	0.957329	0.999096	0.737055	0.562345	0.460244	0.251229	0.164619	0.103629	0.100406	0.017886	0.025031	0	0.01075	0	0.010728	0	0	0	0	0	0	0	0	0	0	0	0	0	0	0	0	0
54600	389.5	318	505.5	731	957	957.5	996	737.5	824	795	910.5	1030	1330	1955	2990	4555	5885	6950	7150	6590	5925	5360	4915	4725	4380	4025	3520	3015	2435	1715	1090	653.5	365.5	219	124	67.25	32.6	18.35	13.5	4.32	2.520309	2.312891	2.196796	1.757631	1.676442	1.46172	1.492837	1.259066	1.216563	1.022114	0.887426	0.725551	0.715388	0.594485	0.502122	0.257778	0.222302	0.117925	0.06961	0.03472	0.024295	0.024332	0.006956	0	0.003471	0.003474	0	0	0	0	0	0	0	0	0	0	0	0	0	0	0	0
55200	364	415.5	628	749	982.5	1195	1150	855.5	811.5	794	873.5	1035	1235	1890	2820	4310	5940	7330	7730	7115	6300	5490	5075	4800	4565	4150	3695	3165	2475	1810	1205	694	411	230.5	125.5	66.2	28.15	12.95	6.795	4.255	2.481922	2.091187	2.039365	1.677189	1.659103	1.45708	1.322049	1.18923	1.121215	0.986194	0.84518	0.887817	0.701706	0.645054	0.403682	0.304561	0.151842	0.138142	0.074385	0.053966	0.037088	0.01013	0.006757	0.006758	0.003372	0	0.003379	0	0	0	0	0	0	0	0	0	0	0	0	0	0	0
55800	203.5	281.5	409.5	632.5	877.5	1115	1115	871.5	820	844	842	943	1210	1755	2875	4290	6100	7505	7875	7370	6475	5540	5110	4805	4660	4245	3690	3215	2515	1875	1225	726.5	409	244.5	133	56.95	37	16.15	7.865	6.31	2.6978	2.345055	2.28346	1.902281	1.759933	1.614987	1.483816	1.319889	1.26924	0.971923	0.866171	0.864635	0.644715	0.613498	0.367364	0.280713	0.187785	0.137979	0.060355	0.053124	0.035403	0.010637	0.007095	0.014192	0	0	0	0	0	0	0	0	0	0	0	0	0	0	0	0	0	0
57000	136	273	456.5	801	1190	1415	1535	1405	1335	1305	1325	1300	1460	1810	2635	3825	5630	7465	8570	8635	7775	6940	5865	5530	5145	4565	4165	3560	2935	2190	1465	899.5	526	302.5	183.5	92.85	37.8	20.75	12.065	5.66	2.999699	2.670466	2.204886	1.953593	1.972047	1.806124	1.462306	1.451433	1.337362	1.102418	0.910437	0.958367	0.799775	0.660178	0.524675	0.30612	0.228052	0.157651	0.080859	0.042084	0.052586	0.010533	0.010539	0.003513	0.003506	0.003509	0	0	0	0	0	0	0	0	0	0	0	0	0	0	0	0
57600	238	451.5	479.5	643.5	1010.5	1405	1560	1490	1375	1475	1315	1400	1460	1835	2485	3690	5395	7405	8715	8920	8085	7125	5985	5560	5180	4635	4140	3665	3015	2215	1530	933.5	540.5	328	155	96.55	33.1	15.85	11.7	4.255	3.24334	2.732922	2.218883	2.13965	2.001912	1.82215	1.613867	1.63231	1.450814	1.140573	1.05411	1.071245	0.777957	0.70933	0.462536	0.37003	0.241106	0.138615	0.109816	0.06938	0.040153	0.029246	0.010973	0.007317	0.00365	0.007307	0	0	0.003658	0	0	0	0	0.003653	0	0	0	0	0	0	0	0
58200	469.5	547.5	687.5	1048.5	1225	1440	1500	1600	1500	1440	1540	1550	1605	1810	2425	3510	5335	7420	8815	9215	8670	7565	6645	5870	5345	4850	4300	3665	3070	2295	1590	960	565	314.5	163.5	87.95	39.15	22.05	12.95	7.765	2.911487	2.505563	2.413652	2.049351	1.988724	1.78907	1.568461	1.535755	1.251979	1.219086	1.065073	0.9441	0.889303	0.662272	0.522696	0.308229	0.256721	0.133588	0.108694	0.0759	0.036129	0.025329	0.018102	0	0	0	0	0	0	0	0	0	0	0	0	0	0	0	0	0	0	0
58800	200	428	444	600	899.5	1180	1510	1615	1655	1645	1525	1645	1660	1825	2395	3505	5055	7160	8615	9185	8770	7730	6770	6025	5450	5000	4345	3685	3095	2315	1625	977	541.5	300.5	165.5	84.8	32.7	21.95	13.3	7.745	2.807311	2.333128	2.292447	2.260431	1.842703	1.821118	1.727942	1.520267	1.385789	1.128243	1.00054	0.96693	0.740769	0.734407	0.438919	0.337427	0.193284	0.135815	0.121944	0.071557	0.028612	0.021491	0.010752	0.003584	0.003577	0	0	0	0	0	0	0	0	0	0	0	0	0	0	0	0	0
60000	161.5	300.5	404	577	724.5	1040	1190	1295	1470	1365	1445	1425	1480	1575	2085	3080	4520	6515	8265	9000	8750	7830	6680	6055	5530	4955	4460	3810	3025	2355	1585	994.5	578.5	318.5	173	89.2	42.9	19.05	8.71	6.31	2.743888	2.359476	2.162908	1.89892	1.89548	1.590336	1.491031	1.45165	1.127921	1.187619	1.033107	0.971466	0.878591	0.673844	0.526366	0.344704	0.205519	0.155682	0.11362	0.042503	0.035406	0.042552	0.007096	0.014194	0.003541	0	0.003548	0	0	0	0	0	0	0	0	0	0	0	0	0	0	0
60600	169.5	210	313	451	684	904	1050	1155	1325	1290	1305	1260	1340	1455	1970	2880	4445	6380	7895	8725	8420	7550	6595	6040	5490	4960	4340	3715	3025	2355	1580	1003.5	562.5	342.5	151.5	84	44.3	22.1	10.165	9.775	2.860681	2.386912	2.077144	1.886025	1.828263	1.613565	1.523987	1.412413	1.203608	1.031817	0.903692	0.902207	0.787272	0.626918	0.43534	0.24768	0.171803	0.096498	0.07173	0.060822	0.028611	0.003582	0.007168	0.003584	0	0.007159	0	0.003578	0	0	0	0	0	0	0	0	0	0	0	0	0	0
61200	514.5	928	794.5	796	1010	1010	1120	1210	1250	1175	1250	1205	1265	1390	1920	2875	4315	6055	7690	8395	8190	7490	6550	5900	5440	4975	4265	3725	2990	2215	1535	949	511.5	303.5	150	80.5	38	17.95	10.565	5.65	2.605438	2.353139	2.061999	1.876366	1.817745	1.438405	1.496099	1.368669	1.26634	1.179345	1.119351	0.973095	0.892868	0.579003	0.522667	0.297333	0.21332	0.162463	0.094196	0.057825	0.025289	0.021709	0.00724	0	0.003613	0	0	0	0	0	0	0	0	0	0	0	0	0	0	0	0	0
61800	317	260.5	400.5	417	482	684.5	708.5	960.5	1120	1185	1155	1215	1290	1470	1985	2865	4130	5760	7445	8190	7975	7255	6375	5750	5275	4915	4240	3585	2960	2155	1485	878.5	466.5	253	139	77.8	36.35	23.65	7.655	6.285	2.253039	1.947611	1.969612	1.666586	1.520693	1.314982	1.298472	1.238576	1.054088	0.926099	0.8776	0.79399	0.685511	0.49581	0.448079	0.256627	0.193557	0.124481	0.095331	0.032793	0.019668	0.009849	0.003285	0.006571	0.003278	0	0	0	0	0	0	0	0	0	0	0	0	0	0	0	0	0
62400	195	189.5	218	310.5	489.5	548.5	724	921	1045	1195	1245	1295	1285	1495	1900	2660	3855	5620	7270	8030	7880	7035	6275	5685	5300	4835	4220	3635	2850	2150	1435	815.5	485.5	259	135	63.7	31.2	14.65	9.38	3.5455	2.43325	2.128263	2.191074	1.799889	1.578201	1.374122	1.448368	1.216687	1.23032	0.954229	0.823553	0.843266	0.807646	0.556745	0.374419	0.312686	0.209039	0.1309	0.056803	0.053123	0.028322	0.014182	0.003548	0	0	0	0	0	0	0	0	0	0	0	0	0	0	0	0	0	0	0
63000	173	259.5	300	416.5	434	546	660	836.5	1090	1155	1230	1230	1300	1420	1830	2625	3855	5430	6935	7770	7715	6910	6230	5660	5320	4825	4225	3605	2820	2115	1415	846.5	488.5	228.5	134.5	58.4	32.9	15.75	9.38	5.64	2.625139	2.117375	2.137791	1.654019	1.608471	1.377214	1.491553	1.261267	1.064149	0.81033	0.84618	0.955972	0.794303	0.555182	0.438838	0.233284	0.178933	0.075042	0.086062	0.032195	0.028607	0.010744	0.007166	0.003584	0	0	0.003584	0	0	0	0	0	0	0	0	0	0	0	0	0	0	0
63600	108.5	345	405.5	400.5	489	501.5	644.5	885	1002	1150	1185	1255	1255	1415	1810	2620	3830	5410	6865	7845	7655	6965	6210	5550	5235	4890	4140	3505	2885	2130	1420	892.5	480.5	258	133.5	58.75	32.95	20.25	6.065	3.495	2.49394	2.153773	2.031837	1.728197	1.693104	1.493279	1.292358	1.345994	1.126215	0.969158	0.816079	0.880342	0.83992	0.58127	0.455184	0.326016	0.164366	0.127653	0.06954	0.054766	0.032847	0.00731	0.010972	0.010973	0.0073	0	0.003658	0	0.003657	0	0	0	0	0	0	0	0	0	0	0	0	0
64200	337	488	670.5	812.5	878	1027.5	1170	1305	1430	1505	1555	1665	1630	1735	2070	2790	4000	5505	6940	7750	7640	6990	6095	5525	5130	4790	4195	3665	2845	2100	1455	871.5	491.5	263.5	143	69.5	38.15	17.8	9.055	4.225	2.524971	2.096313	2.063258	1.634038	1.524783	1.437889	1.43068	1.284298	1.06417	0.940104	0.887461	0.786347	0.814741	0.546113	0.49099	0.330456	0.159438	0.102599	0.110058	0.038957	0.031862	0.014182	0	0.007096	0	0	0.003548	0	0.003547	0	0	0	0	0	0	0	0	0	0	0	0	0
64800	223	409	498	688	630	862.5	927	1070	1295	1335	1475	1450	1455	1590	2020	2785	3820	5250	6780	7710	7580	6880	6140	5540	5195	4735	4315	3610	2875	2175	1500	926	506.5	287	147	70	34.9	19.4	8.54	4.21	2.65024	2.275424	1.940634	1.711162	1.608573	1.466736	1.502378	1.189475	1.132068	0.942469	0.978905	0.988379	0.78004	0.576709	0.453138	0.279959	0.164629	0.142946	0.082482	0.042929	0.039337	0.021489	0.007167	0.003584	0	0	0	0	0	0	0	0	0	0	0	0	0	0	0	0	0	0
65400	140.5	288	418.5	611.5	574	593.5	753	980	1210	1375	1275	1285	1280	1355	1720	2510	3630	5055	6570	7465	7720	7035	6240	5555	5235	4830	4275	3625	2965	2140	1525	858	459.5	284	137	72.4	36.3	17.15	8.965	5.635	2.490364	2.311333	2.042869	1.753707	1.777619	1.515222	1.317945	1.269006	1.118953	1.082131	0.918569	0.792327	0.693864	0.650745	0.440628	0.315035	0.153412	0.120361	0.058561	0.040162	0.036498	0.018276	0.021944	0.014631	0	0	0	0	0	0	0	0	0	0	0	0	0	0	0	0	0	0
66000	364	460	619.5	729.5	737.5	885	986	1200	1435	1495	1450	1385	1355	1350	1650	2345	3470	4950	6480	7595	7685	6955	6240	5545	5140	4775	4230	3665	2980	2260	1560	940	521.5	273.5	144.5	69.25	35.3	19.55	13.05	7.765	2.764275	2.182146	2.008823	1.80388	1.745348	1.405944	1.409397	1.354802	1.046377	0.996035	0.867762	0.848223	0.704911	0.558808	0.406761	0.269196	0.161053	0.157243	0.046621	0.021465	0.042913	0.010745	0.007167	0.003584	0.007153	0.003579	0	0	0	0	0	0	0	0	0	0	0	0	0	0	0	0
66600	406.5	554	776.5	921	961	1016	1075	1170	1385	1575	1515	1400	1320	1425	1660	2325	3440	4840	6450	7535	7675	7040	6365	5605	5215	4805	4270	3615	2970	2180	1520	865.5	493.5	279.5	139.5	71.7	31.25	15.55	5.13	10.44	2.496522	2.26908	2.056929	1.638852	1.590841	1.430689	1.40602	1.271603	1.144664	0.920314	0.868144	0.834942	0.64535	0.593383	0.363728	0.28849	0.178911	0.105087	0.080849	0.02104	0.014021	0.014042	0.007025	0	0.003505	0	0.003513	0	0	0	0	0	0	0	0	0	0	0	0	0	0	0
67200	615	613	740	815.5	775	830.5	936.5	1150	1380	1555	1505	1420	1395	1375	1555	2110	3240	4740	6240	7505	7700	7175	6305	5665	5195	4850	4375	3720	3030	2350	1560	940.5	516	278.5	126	76.1	31.7	10.565	5.41	6.285	2.393742	1.966751	2.023118	1.636283	1.60136	1.420216	1.248393	1.18587	1.167769	0.903191	0.842639	0.844606	0.70847	0.580286	0.42459	0.226119	0.164628	0.132224	0.068136	0.046506	0.03576	0.010744	0.003583	0.007168	0.003576	0	0	0	0	0	0	0	0	0	0	0	0	0	0	0	0	0
67800	272.5	491.5	555.5	560.5	728.5	854.5	983.5	1105	1315	1475	1490	1480	1340	1335	1490	1930	3015	4525	6020	7275	7660	7325	6415	5835	5340	4900	4415	3680	3065	2310	1575	976.5	526	266	135.5	61.3	29.1	14.4	6.4	10.51	2.574357	2.106985	1.704595	1.66934	1.567543	1.338732	1.359862	1.088635	1.134885	0.901233	0.944264	0.896654	0.595119	0.535478	0.335571	0.284265	0.152353	0.13444	0.074556	0.046041	0.017701	0.039002	0.007095	0.003548	0.00354	0	0	0	0	0	0	0	0	0	0	0	0	0	0	0	0	0
68400	294.5	365.5	553	573.5	721.5	793	915.5	1080	1360	1575	1555	1590	1460	1395	1475	1925	2760	4030	5745	7120	7815	7355	6555	5830	5370	4955	4465	3900	3215	2435	1650	993.5	529	271	141	75.4	33.15	19.85	7.59	4.205	2.651949	2.121204	1.889266	1.542292	1.535485	1.459152	1.267792	1.23806	1.028825	0.918907	0.84132	0.811261	0.634087	0.549665	0.353234	0.19188	0.173612	0.16982	0.071006	0.035416	0.021242	0.014183	0	0.007096	0	0	0	0	0	0	0	0	0	0	0	0	0	0	0	0	0	0
69000	406.5	434.5	778	609.5	739	815	997.5	1145	1410	1570	1735	1695	1615	1490	1555	1825	2655	3880	5650	7255	7810	7585	6785	5900	5505	4960	4475	3915	3125	2305	1565	920	487	276	129.5	67	36	17.7	5.4	7.005	2.341537	2.160217	1.899857	1.612824	1.617372	1.384732	1.165056	1.234462	0.972225	0.869399	0.933586	0.757864	0.64115	0.531916	0.385012	0.28781	0.173606	0.088445	0.053253	0.035415	0.024781	0.010637	0.010642	0	0	0	0	0	0	0	0	0	0	0	0	0	0	0	0	0	0	0
69600	590	694.5	817.5	770	873	1115	1170	1285	1435	1635	1780	1770	1700	1590	1580	1825	2550	3700	5315	6915	7885	7690	6760	5945	5545	5195	4625	3940	3175	2315	1650	966	533	300.5	150.5	79	39.3	19.65	6.06	5.59	2.479334	2.218851	2.029261	1.710595	1.679495	1.394951	1.196084	1.118103	1.057023	0.807821	0.702722	0.824176	0.679551	0.568112	0.385669	0.25018	0.187999	0.169673	0.050718	0.043366	0.021675	0.014472	0.00362	0.00362	0	0	0	0	0	0	0	0	0	0	0	0	0	0	0	0	0	0
70200	590.5	768.5	947.5	1044.5	1130	1155	1190	1485	1620	1810	1880	2055	2030	1865	1810	1975	2405	3550	5015	6855	7950	8005	7170	6320	5700	5195	4670	4045	3235	2475	1670	1065	541	282	142	63.05	31.75	18.85	8.27	6.3	2.281368	2.102785	2.021968	1.696152	1.683092	1.391306	1.329755	1.256022	1.056999	0.836652	0.757039	0.813266	0.650619	0.553626	0.338804	0.232046	0.166303	0.11552	0.054339	0.043365	0.021675	0.010854	0	0.00362	0	0	0	0	0	0	0	0	0	0	0	0	0	0	0	0	0	0
70800	760	729	949	1210	1225	1190	1160	1370	1640	1920	1970	2115	2045	2035	1905	1910	2280	3250	4830	6610	7910	8100	7370	6520	5845	5375	4745	4170	3300	2535	1670	995.5	552	294	139.5	74.05	30.75	13.35	7.47	3.525	2.595391	2.064248	1.981497	1.595149	1.474845	1.292629	1.207528	1.17752	0.975742	0.894122	0.830628	0.679574	0.65885	0.496446	0.353215	0.223848	0.159432	0.10967	0.039051	0.056663	0.00708	0.003545	0.003547	0	0	0.003543	0	0	0	0	0	0	0	0	0	0	0	0	0	0	0	0
72000	779	1089.5	1505	1885	2130	2520	2710	2920	3040	3195	3165	3120	3005	2820	2610	2615	2805	3530	4745	6425	7870	8185	7910	6845	6090	5695	5010	4435	3660	2880	2075	1355	751	406	198	99.6	58.85	28.9	12.3	9.095	2.659651	2.221233	2.173896	1.768596	1.614256	1.544528	1.246849	1.224128	1.09273	0.904991	0.994208	0.815018	0.634242	0.588817	0.360386	0.270119	0.177199	0.099086	0.099432	0.024797	0.021247	0.014186	0.003548	0.003549	0	0	0	0	0	0	0	0	0	0	0	0	0	0	0	0	0	0
72600	954	1027	1495	1985	2285	2425	2660	2695	3070	3105	3250	3240	3065	2870	2625	2620	2810	3615	4780	6290	7720	8120	7745	6755	6080	5710	5080	4530	3810	2960	2160	1365	797.5	430	204	122.5	56.55	28.6	14.3	10.57	2.765564	2.349254	2.099371	1.782776	1.649945	1.498525	1.377955	1.106734	1.251907	0.897951	0.916121	0.786572	0.651979	0.535628	0.374531	0.284345	0.163028	0.084933	0.060372	0.028341	0.021248	0.024826	0.007097	0.003549	0.003541	0.003544	0	0	0	0	0	0	0	0	0	0	0	0	0	0	0	0
73200	638.5	897	1320	1660	1980	2150	2375	2785	2960	3020	2995	3005	2875	2680	2495	2495	2685	3485	4660	6255	7520	7940	7450	6685	5890	5440	5000	4480	3695	2915	2125	1355	792.5	430.5	221	106	55.4	26.55	14.75	8.465	2.686645	2.243778	2.088315	1.779415	1.483054	1.43138	1.391894	1.189822	1.068098	0.907034	0.817786	0.701055	0.608466	0.472968	0.381889	0.229777	0.132458	0.092942	0.046634	0.032206	0.014308	0.01433	0.003584	0	0	0	0	0	0	0	0	0	0	0	0	0	0	0	0	0	0	0
73800	390.5	601.5	741	1245	1385	1975	1980	2310	2535	2765	2810	2865	2740	2625	2450	2385	2600	3250	4510	6265	7585	8155	7530	6590	5900	5290	5015	4420	3685	3020	2080	1335	755.5	386.5	199.5	110.05	56.5	26.7	12.5	7.755	2.423244	2.15009	1.903879	1.708534	1.596391	1.339023	1.214933	1.167157	1.07148	0.752959	0.820197	0.722462	0.666111	0.41145	0.300313	0.213245	0.138211	0.092005	0.074572	0.017712	0.024787	0.007093	0.003548	0	0	0	0	0	0	0	0	0	0	0	0	0	0	0	0	0	0	0
75000	22.5	70.85	166.5	257	400	629	851.5	1195	1505	1760	2030	2255	2390	2555	2500	2385	2370	2585	3460	5415	7340	8540	8390	7350	6375	5785	5220	4460	3630	2780	1880	1140	620	324	163	73.55	33.5	21.55	12.65	9.105	2.202542	2.006634	1.814081	1.567548	1.337841	1.243151	1.104154	1.025528	1.008739	0.79701	0.678711	0.680296	0.527931	0.431147	0.370581	0.202069	0.121588	0.079783	0.062658	0.017362	0.006942	0.013906	0.003478	0	0.003471	0	0	0	0	0	0	0	0	0	0	0	0	0	0	0	0	0
75600	20.3	38.25	70.95	151.95	318	505.5	687.5	959.5	1450	1775	2020	2315	2535	2565	2450	2445	2410	2760	3755	5600	7525	8655	8395	7240	6455	5760	5130	4420	3530	2615	1820	1031.5	515.5	270	126.5	58.65	32.05	16.1	4.855	13.94	2.304955	2.051266	1.786599	1.633643	1.498491	1.204878	1.131756	0.997602	1.013256	0.808867	0.82342	0.78866	0.496661	0.442362	0.367798	0.219792	0.131496	0.072946	0.040261	0.025558	0.010949	0.007311	0.007315	0.003658	0.00365	0	0	0	0	0	0	0	0	0	0	0	0	0	0	0	0	0
76200	98.2	179.85	287	577.5	998	1350	1885	2210	2735	2955	3175	3305	3405	3325	3170	3085	3145	3495	4350	5935	7510	8385	7985	6950	6195	5590	5065	4390	3625	2790	1960	1185	684.5	361.5	186	103.85	41.8	23.8	11.1	3.555	2.425773	2.150333	1.855642	1.559609	1.407091	1.21808	1.268572	1.071093	1.060813	0.840422	0.724579	0.700851	0.498905	0.401728	0.270375	0.163189	0.133792	0.072214	0.025363	0.028916	0.021679	0.003619	0.010862	0.007242	0	0	0	0	0	0	0	0	0	0	0	0	0	0	0	0	0	0
76800	113.75	157.5	347.5	518.5	844	1245	1690	2215	2570	2945	3110	3350	3450	3425	3350	3135	3040	3345	4210	5630	7215	8170	8035	7210	6175	5585	5140	4430	3765	2965	2115	1350	759.5	406.5	196	98.9	52.95	27.3	11.5	7.74	2.30313	1.825729	1.859601	1.571223	1.44283	1.208591	1.246684	1.126839	0.842465	0.758996	0.689248	0.673411	0.552319	0.459026	0.33253	0.108017	0.114656	0.065917	0.04874	0.013892	0.017358	0	0.006958	0	0	0	0	0	0	0	0	0	0	0	0	0	0	0	0	0	0	0
77400	89.2	174	383.5	562	881.5	1205	1505	1935	2455	2510	2780	2950	3000	2930	2915	2865	2900	3355	4290	5705	7150	7970	7705	6800	6105	5605	5155	4510	3745	2955	2065	1345	743.5	412.5	199	110.5	48.4	27.2	15.215	7.74	2.292688	2.142939	1.839905	1.535531	1.403941	1.264607	1.07677	0.942959	0.724914	0.721129	0.614248	0.576534	0.464142	0.297941	0.26851	0.149269	0.070876	0.084926	0.042612	0.021254	0.014164	0.003546	0.003548	0	0	0	0	0	0	0	0	0	0	0	0	0	0	0	0	0	0	0
78000	126	217.5	420.5	693	971.5	1370	1705	2020	2370	2685	2810	2930	3000	3115	3005	2910	2955	3420	4485	5910	7230	8010	7665	7000	6080	5530	5020	4390	3685	2885	2060	1290	715.5	408.5	206.5	113	51.6	27.2	15.75	9.16	2.376424	1.988697	1.966132	1.50826	1.414528	1.202246	1.216451	0.98843	0.878687	0.767693	0.591763	0.625498	0.372203	0.376189	0.328322	0.175906	0.08591	0.075061	0.017934	0.021469	0.014307	0.014329	0.003584	0.003585	0	0	0	0	0	0	0	0	0	0	0	0	0	0	0	0	0	0
78600	158.5	251.5	506	862	1290	1740	2195	2615	3175	3420	3630	3960	4175	4385	4350	4240	4220	4455	5440	6700	8025	8825	8410	7500	6405	5815	5330	4530	3835	2935	2100	1370	773.5	406	213	105.5	56.2	31.55	14.5	7.765	2.594814	2.135832	1.76545	1.646175	1.421816	1.167932	1.136267	1.074564	0.875303	0.738501	0.696063	0.58493	0.459555	0.446005	0.27635	0.175944	0.098245	0.056058	0.031643	0.021044	0.01753	0.017556	0	0	0.003506	0	0	0	0	0	0	0	0	0	0	0	0	0	0	0	0	0
79200	86.4	198	303.5	579.5	871.5	1225	1610	2090	2625	2905	3200	3470	3595	3740	3755	3625	3660	3965	4785	6105	7605	8300	8160	7195	6350	5645	5110	4530	3775	3030	2140	1365	795.5	405.5	212.5	105.5	49	21.9	13.05	13.3	2.404962	2.067701	1.923107	1.75788	1.389353	1.388328	1.127023	0.974067	0.850124	0.735568	0.792615	0.67943	0.497471	0.419188	0.34974	0.161549	0.075173	0.071488	0.060978	0.017891	0.014307	0.010747	0	0	0	0	0	0	0	0	0	0	0	0	0	0	0	0	0	0	0	0
79800	94.85	191	339	548.5	1011	1345	1650	2245	2730	3060	3205	3435	3565	3590	3670	3595	3620	4040	4825	6305	7520	8400	7995	7050	6235	5625	5105	4655	3810	3030	2160	1415	775.5	444	229	112.5	53.6	26.05	15.9	7.085	2.44045	2.154207	1.79786	1.487743	1.407253	1.207376	1.189197	1.05306	0.898547	0.818874	0.692053	0.650087	0.40857	0.369198	0.252379	0.1487	0.119341	0.050555	0.079722	0.028919	0.018068	0.010857	0.003621	0	0	0	0	0	0	0	0	0	0	0	0	0	0	0	0	0	0	0
80400	110.65	196	374.5	621.5	926.5	1115	1375	1815	2225	2605	2905	3050	3280	3400	3200	3215	3275	3575	4270	5580	7025	7930	7755	7080	6260	5590	5030	4545	3860	2990	2150	1435	828	428	217	119	57.05	26.4	13.55	9.81	2.472855	2.072096	1.872084	1.408611	1.60723	1.193896	1.137112	0.98577	0.965482	0.745958	0.703091	0.605073	0.481912	0.393752	0.250873	0.252363	0.138224	0.077858	0.028411	0.03897	0.007083	0.003547	0	0.003549	0.003542	0	0	0	0	0	0	0	0	0	0	0	0	0	0	0	0	0
81000	237.75	381.5	520.5	603.5	771	995.5	1170	1565	2060	2335	2535	2860	2920	3055	2965	2945	3055	3310	4205	5535	6805	7840	7780	6965	6145	5510	4985	4400	3750	2935	2185	1470	823.5	451.5	247	108.5	58.55	32.35	15.6	5.01	2.152503	1.727741	1.430809	1.480793	1.290197	1.052978	1.026645	0.929229	0.740062	0.651422	0.526071	0.497638	0.410126	0.266049	0.229019	0.157975	0.108295	0.049153	0.03946	0.019682	0.003279	0.006568	0.006572	0	0	0	0	0	0	0	0	0	0	0	0	0	0	0	0	0	0	0
81600	52.5	46.09	144.65	168.4	251.6	344.5	558.5	723	1083	1540	1910	2385	2775	3050	3235	3315	3395	3475	3905	4710	6185	7655	8420	7975	6910	6155	5465	4870	4065	3100	2265	1405	785	390	195	107.95	45.3	17.55	7.455	9.075	2.162529	1.809108	1.63237	1.436865	1.274082	1.169976	0.983838	1.08182	0.860778	0.746226	0.63835	0.50684	0.447334	0.343925	0.256933	0.107692	0.110961	0.053612	0.02152	0.021467	0.003577	0.003582	0	0.003584	0	0	0	0	0	0	0	0	0	0	0	0	0	0	0	0	0	0
82200	0	0	10.4	12.675	47.5	101.8	197	470.5	860.5	1310	1620	2075	2540	3100	3450	3595	3685	3635	3805	4390	5970	7800	8590	8080	7050	6115	5505	4775	3990	3050	2125	1275	682	329	173.5	70.45	36.2	16.1	11.75	7.765	2.197952	1.747925	1.585585	1.229957	1.151606	1.066118	0.973015	0.758282	0.807128	0.721167	0.580917	0.524764	0.357834	0.286577	0.239069	0.093324	0.096635	0.060755	0.028691	0.007155	0.017881	0.010745	0.003584	0	0	0	0	0	0	0	0	0	0	0	0	0	0	0	0	0	0	0
82800	11.25	32.2	114.75	233.5	456.5	588.5	710	1076	1355	1615	2045	2430	2870	3395	3775	3935	3945	3845	4105	4865	6380	7860	8540	7820	6865	5995	5420	4725	3855	2905	2065	1265	693.5	369	198	90.5	43.2	20.85	16.05	3.61	2.372374	1.971305	1.686138	1.501072	1.376478	1.096189	1.073724	1.011256	0.897017	0.699506	0.639064	0.629318	0.469895	0.37707	0.293781	0.138411	0.089522	0.070768	0.026164	0.041014	0.011181	0.007466	0	0	0	0.00373	0	0	0	0	0	0	0	0	0	0	0	0	0	0	0	0
83400	42.8	83.7	229.5	343	610	900	1251	1305	1510	1615	1935	2275	2670	3135	3630	3950	4180	4090	4325	4925	6215	7575	8685	8205	7335	6365	5670	5065	4130	3205	2235	1370	752	394.5	201.5	96.1	52.2	23.65	10.25	4.92	2.22556	1.741273	1.612501	1.330727	1.090316	1.105148	0.917334	0.918005	0.841566	0.714023	0.614217	0.498215	0.410976	0.414968	0.275562	0.12083	0.092134	0.049538	0.024856	0.014169	0.003541	0.003546	0	0	0	0	0	0	0	0	0	0	0	0	0	0	0	0	0	0	0	0
84000	0	7.84	5.75	53.1	55.9	129.6	185.5	280.5	526	835.5	1235	1615	2045	2600	3170	3655	4180	4465	5080	5750	6710	7790	8695	8735	8095	7205	6370	5510	4600	3590	2590	1615	918.5	450.5	214	98.1	49.7	26.95	14.15	4.945	2.271182	1.787847	1.627432	1.491285	1.225387	0.990442	1.08433	0.925929	0.822732	0.732267	0.576083	0.515691	0.441094	0.311272	0.237947	0.123307	0.075941	0.03611	0.028989	0.010844	0.007227	0.003619	0	0.003621	0	0	0	0	0	0	0	0	0	0	0	0	0	0	0	0	0	0
84600	1.105	7.1	17.25	28.6	83.3	125.1	212	408.5	664	1028.5	1495	1960	2340	2800	3385	3840	4200	4325	4770	5395	6400	7795	8535	8440	7680	6780	6045	5280	4305	3400	2365	1520	881.5	463	231.5	119	53.1	24.7	10.7	9.105	2.326643	1.927754	1.811932	1.437008	1.285007	1.037697	0.991092	0.877044	0.83586	0.757013	0.710146	0.611144	0.425904	0.35829	0.203426	0.100522	0.089494	0.060767	0.025109	0.017891	0	0.003582	0	0.003585	0	0	0	0	0	0	0	0	0	0	0	0	0	0	0	0	0	0
85200	0	21.8	22.25	9.2	47.25	89.85	128.5	258	526.5	783.5	1135	1650	2115	2590	3070	3615	3985	4490	4850	5595	6550	7710	8760	8645	7965	7080	6370	5455	4685	3655	2610	1745	939.5	481	238.5	108.85	59.6	23.9	12.4	9.11	2.357626	1.998851	1.797323	1.464613	1.206753	1.143522	1.136407	0.880899	0.861405	0.749094	0.639894	0.595575	0.452595	0.330155	0.230903	0.133734	0.094748	0.049057	0.038679	0.014031	0.007013	0.003512	0	0	0	0.003509	0	0	0	0	0	0	0	0.003509	0	0	0	0	0	0	0	0
85800	0	7.1	22.245	18.27	41.8	75.9	207.5	378	615.5	933.5	1305	1705	2120	2525	3135	3535	3815	4140	4405	5060	6165	7435	8595	8460	7750	6845	5945	5215	4280	3385	2385	1480	820.5	432.5	212	99.6	50.7	23.1	10.19	7.695	2.141303	1.942056	1.646836	1.187369	1.079806	1.062713	0.966018	0.794348	0.760824	0.596309	0.520041	0.51047	0.368629	0.290207	0.242676	0.086159	0.078752	0.046467	0.043043	0.007156	0.007154	0.003582	0.003584	0	0	0	0	0	0	0	0	0	0	0	0	0	0	0	0	0	0	0
